X,Y,D,e8:ba:70:92:aa:b5,e8:ba:70:92:c4:e1,dc:a5:f4:b8:73:83,e8:ba:70:c2:44:11,e8:ba:70:c2:44:34,e8:ba:70:61:25:52,58:35:d9:aa:c2:44,58:35:d9:aa:d5:e3,e8:ba:70:61:07:01,e8:ba:70:c2:4e:31,dc:a5:f4:b8:73:84,dc:a5:f4:b8:73:80,58:35:d9:aa:19:64,58:35:d9:aa:d5:e0,e8:ba:70:c2:44:33,e8:ba:70:61:07:00,58:35:d9:aa:c2:42,e8:ba:70:9c:c7:33,e8:ba:70:c2:41:90,e8:ba:70:c2:41:95,e8:ba:70:92:aa:b4,e8:ba:70:61:25:55,e8:ba:70:92:b3:24,e8:ba:70:c2:44:32,e8:ba:70:61:25:50,e8:ba:70:c2:44:14,e8:ba:70:c2:44:35,e8:ba:70:92:b3:20,e8:ba:70:92:c4:e0,c4:a8:1d:8d:6f:08,e8:ba:70:c2:41:92,e8:ba:70:c2:44:13,58:35:d9:aa:d5:e5,e8:ba:70:92:aa:b1,e8:ba:70:61:07:02,e8:ba:70:61:25:54,e8:ba:70:61:25:53,e8:ba:70:92:c4:e4,e8:ba:70:c2:44:12,58:35:d9:aa:c2:40,58:35:d9:aa:99:e0,e8:ba:70:92:b3:22,e8:ba:70:92:c4:e3,e8:ba:70:92:b3:23,e8:ba:70:c2:4e:30,58:35:d9:aa:d5:e2,e8:ba:70:c2:4e:33,dc:a5:f4:b8:73:81,58:35:d9:aa:c4:e0,e8:ba:70:c2:41:91,e8:ba:70:61:07:03,e8:ba:70:c2:41:94,e8:ba:70:92:aa:b3,58:35:d9:aa:99:e3,e8:ba:70:9c:c7:32,e8:ba:70:c2:44:31,14:dd:a9:70:cc:60,e8:ba:70:9c:c7:35,e8:ba:70:c2:4e:32,e8:ba:70:92:b3:25,30:f7:72:5c:ed:28,58:35:d9:aa:99:e1,dc:a5:f4:b8:73:82,e8:ba:70:92:aa:b0,58:35:d9:aa:99:e2,e8:ba:70:61:25:51,e8:ba:70:61:07:04,00:26:52:db:01:b0,58:35:d9:aa:99:e5,00:26:5a:41:4e:88,e8:ba:70:c2:44:30,e8:ba:70:c2:44:10,58:35:d9:aa:19:e0,58:35:d9:aa:99:e4,e8:ba:70:c2:4e:34,48:ee:0c:ee:27:e4,e8:ba:70:92:c4:e5,e8:ba:70:9c:c7:31,e8:ba:70:9c:c7:34,e8:ba:70:9c:c7:30,14:dd:a9:70:e7:40,e8:ba:70:92:aa:b2,e8:ba:70:c2:44:15,58:35:d9:aa:d5:e1,e8:ba:70:c2:41:93,e8:ba:70:92:b3:21,dc:a5:f4:b8:73:85,e8:ba:70:c2:4e:35,00:26:5a:41:4e:8a,e8:ba:70:61:07:05,58:35:d9:aa:d5:e4,00:19:5b:1f:fd:30,e8:ba:70:92:c4:e2
1,2,0,22,0,26,0,0,29,0,26,17,0,27,35,0,27,0,18,0,0,0,0,24,29,0,0,29,0,0,0,0,0,0,0,26,23,19,28,29,0,0,0,15,0,0,0,0,30,0,37,0,0,17,0,23,0,0,0,0,0,0,0,0,0,35,24,11,28,19,0,17,14,0,0,0,15,0,0,0,0,0,0,15,23,0,30,0,0,36,0,0,18,26,0,0
1,2,1,22,0,29,0,0,23,0,22,17,0,30,29,0,0,0,18,0,0,19,0,0,29,0,0,23,0,0,0,0,0,20,0,21,23,19,22,29,0,0,0,0,0,0,0,0,30,0,30,0,19,17,19,23,0,0,0,0,0,0,0,0,0,29,24,11,28,19,0,17,0,0,0,0,0,0,0,0,0,0,0,15,23,0,21,0,0,34,0,0,18,0,0,0
1,2,2,20,0,27,0,0,28,0,29,17,0,30,26,0,0,0,18,0,0,18,0,20,27,0,0,27,0,0,0,0,0,20,0,21,23,17,28,28,0,0,0,0,0,0,0,0,30,0,30,0,19,16,19,23,0,0,0,0,0,0,0,0,11,29,24,11,28,17,0,17,0,0,0,0,0,0,0,0,0,0,0,15,20,0,29,0,0,34,0,0,18,0,0,0
1,2,3,20,0,30,0,0,27,0,29,0,0,30,30,0,0,0,0,17,0,18,0,19,26,0,0,26,0,0,0,0,0,14,0,21,0,17,27,26,0,0,0,0,0,0,0,0,0,0,30,0,19,16,19,0,0,0,0,0,0,0,0,0,11,29,18,0,26,17,0,17,0,0,0,0,0,0,0,0,0,0,0,15,20,0,29,0,0,34,0,0,18,0,0,0
2,2,0,23,0,32,0,0,24,0,22,15,0,31,33,0,22,0,17,0,0,0,0,24,24,0,0,23,0,0,0,0,0,0,0,21,22,0,23,23,0,0,0,0,0,0,0,0,23,0,33,0,0,0,0,23,0,0,0,0,0,0,0,0,0,33,22,0,25,0,13,17,0,0,0,0,0,0,0,0,0,0,0,21,23,0,23,0,0,33,0,0,18,23,0,0
2,2,1,23,0,36,0,0,25,0,22,15,0,35,35,0,22,0,17,0,0,0,0,24,24,0,0,23,0,0,0,0,11,0,0,21,22,0,23,26,0,0,0,0,0,0,0,0,23,0,35,0,0,0,0,23,0,0,0,0,0,0,0,0,0,36,22,0,26,0,13,17,0,0,0,0,0,0,0,0,0,0,0,21,23,0,23,0,0,35,0,0,18,23,0,0
2,2,2,19,0,28,0,0,25,0,27,15,0,35,28,0,27,0,17,0,0,0,0,18,25,0,0,24,0,0,0,0,11,0,0,26,18,0,25,26,0,0,0,0,0,0,0,0,27,0,29,0,0,0,0,18,0,0,0,0,0,0,0,0,0,36,19,0,26,0,13,17,0,0,0,0,0,0,0,0,0,0,0,21,19,0,27,0,0,35,0,0,18,27,0,0
2,2,3,24,0,31,0,0,30,0,21,19,0,31,32,0,27,0,20,0,0,0,0,24,30,0,0,30,0,0,0,0,11,0,0,20,25,18,31,30,0,0,0,0,0,0,0,0,27,0,31,0,0,19,21,25,0,0,0,0,0,0,0,0,0,31,25,0,32,19,0,17,12,0,0,0,0,0,0,0,0,0,0,0,26,0,27,0,0,35,0,0,18,27,0,0
3,2,0,27,0,33,0,0,24,0,21,19,0,33,33,0,23,0,20,0,0,0,0,24,24,0,0,24,0,0,0,0,0,0,0,20,25,18,25,25,0,0,0,0,0,0,0,0,23,0,33,0,0,19,21,26,12,0,0,0,0,0,0,0,13,33,27,0,24,19,0,13,12,0,0,0,0,0,0,0,0,0,0,24,26,0,27,0,0,33,0,0,18,23,0,0
3,2,1,22,0,33,0,0,26,0,26,0,0,33,33,0,24,0,0,0,0,0,0,21,26,0,0,27,0,0,0,0,0,17,0,26,22,14,27,26,0,0,0,0,0,0,0,0,25,0,33,0,0,15,17,22,12,0,0,0,0,0,0,0,13,33,22,0,27,0,0,13,0,0,0,0,0,0,0,0,0,0,0,15,22,0,27,0,0,33,0,0,18,24,0,0
3,2,2,23,0,37,0,0,23,0,26,0,0,37,36,0,21,0,0,0,0,16,0,23,24,0,0,23,0,0,0,0,0,17,0,22,23,14,23,22,0,0,0,0,0,0,0,0,21,0,37,0,0,15,17,23,12,0,0,0,0,0,0,0,13,37,23,0,23,0,0,13,13,0,0,0,0,0,0,0,0,0,0,21,23,0,27,0,0,27,0,0,18,24,0,0
3,2,3,28,0,34,0,0,25,0,26,0,0,33,33,0,21,0,0,0,0,16,0,28,23,0,0,23,0,0,0,0,0,17,0,22,27,14,23,23,0,0,0,0,0,0,0,0,16,0,33,0,0,15,17,26,0,0,0,0,0,0,0,0,14,33,27,12,24,0,0,13,13,0,0,0,12,0,0,0,0,0,0,20,28,0,27,0,0,33,0,0,18,24,0,0
4,2,0,25,0,31,0,0,23,0,25,0,0,32,32,0,24,0,0,0,0,17,0,24,24,0,0,24,0,0,0,0,0,0,0,26,24,0,24,24,0,0,0,14,0,0,0,17,24,17,33,0,17,0,18,24,0,0,0,0,0,0,0,0,14,31,24,12,24,0,0,13,13,0,0,0,14,0,0,0,0,0,0,26,24,0,25,0,0,31,17,0,18,24,0,0
4,2,1,22,0,35,0,0,22,0,27,0,0,35,35,0,26,0,0,0,0,15,0,20,23,0,0,22,0,0,0,0,0,0,0,27,21,0,23,22,0,0,0,14,0,0,0,17,26,17,35,0,17,0,18,21,0,0,0,0,0,0,0,0,0,35,20,0,22,0,0,13,0,0,0,0,14,0,0,0,0,0,0,21,20,0,22,0,0,35,17,0,18,27,0,0
4,2,2,24,0,35,0,0,27,0,21,15,0,30,31,0,22,0,0,0,0,15,0,23,27,0,0,27,0,0,0,0,0,0,0,22,25,0,27,27,0,0,0,13,0,0,0,17,26,17,35,0,17,0,18,25,0,0,0,0,0,0,0,0,0,32,24,13,27,0,9,13,0,0,0,0,14,0,0,0,0,0,0,24,25,0,22,0,0,35,17,11,18,27,0,0
4,2,3,25,0,34,0,0,30,0,21,19,0,33,35,0,22,0,18,0,0,19,0,24,30,0,0,30,0,0,0,0,0,0,0,22,25,18,30,30,0,0,0,13,0,0,0,0,26,0,36,0,0,18,19,25,0,0,0,0,0,0,0,0,0,35,25,13,30,19,9,11,0,0,0,0,0,0,0,0,0,0,0,21,26,0,15,0,0,35,17,12,18,27,0,0
5,2,0,25,0,35,0,0,19,0,20,26,0,26,35,0,22,0,18,0,0,19,0,23,18,0,0,19,0,0,0,0,0,0,0,21,24,26,18,17,0,0,0,0,0,0,0,0,0,0,37,0,0,26,19,25,0,0,0,0,0,0,0,0,0,35,25,0,19,26,0,11,20,0,0,0,0,0,0,0,0,0,0,26,23,0,15,0,0,35,17,12,18,0,0,0
5,2,1,25,0,32,0,18,31,0,25,26,0,32,32,0,0,17,17,0,0,0,0,23,30,0,18,31,0,17,0,0,0,0,0,25,24,17,30,30,0,0,0,0,0,0,0,0,0,0,31,0,0,26,0,0,0,0,17,0,0,0,0,0,11,32,21,0,31,26,0,11,20,19,0,0,0,0,0,0,0,0,0,16,23,0,25,0,0,35,17,0,18,0,0,0
5,2,2,24,0,37,0,18,30,0,25,26,0,37,37,0,21,17,17,0,0,0,0,24,29,0,18,30,0,17,0,0,0,0,0,25,24,17,29,29,0,0,0,0,0,0,0,0,22,0,37,0,18,26,0,0,0,0,17,0,0,0,0,0,17,37,25,16,30,26,0,11,20,19,0,0,0,0,0,0,0,0,0,27,24,0,25,18,0,37,17,0,18,23,0,0
5,2,3,21,0,33,0,18,32,0,25,0,0,33,33,0,19,17,17,0,0,24,25,24,31,0,18,32,0,17,0,0,0,24,0,19,21,19,31,31,0,0,0,0,0,0,0,0,20,0,33,0,24,0,24,21,0,0,17,0,0,0,0,0,17,33,25,16,32,21,0,18,0,19,0,0,15,0,0,0,0,0,0,26,21,0,25,25,0,33,17,14,18,23,0,0
6,2,0,24,0,31,0,15,0,0,0,29,23,30,32,0,20,0,28,0,0,0,14,21,17,0,15,0,0,16,0,0,0,0,0,0,21,27,0,17,0,0,0,13,0,0,0,23,0,0,34,0,14,29,0,21,0,0,16,0,0,0,0,0,15,31,24,14,17,28,0,0,20,15,0,0,0,24,15,0,0,0,0,30,21,0,0,0,0,32,17,14,28,21,0,0
6,2,1,17,0,34,0,17,0,0,22,31,23,33,33,0,22,16,31,0,15,0,14,21,17,0,17,0,0,17,0,0,0,0,0,0,21,31,0,16,0,0,0,20,0,0,0,22,0,0,34,0,15,30,0,17,20,0,17,0,15,0,0,0,0,34,24,14,0,30,0,20,14,16,0,0,0,24,0,0,19,0,0,43,21,0,0,21,0,33,17,14,31,21,0,0
6,2,2,19,0,37,0,17,0,0,22,21,23,37,39,0,22,16,31,0,15,0,14,21,18,0,17,0,0,17,0,0,0,20,0,0,21,31,0,20,0,0,0,15,0,0,0,22,0,20,37,0,15,19,20,17,20,0,17,0,15,0,0,0,0,38,20,14,18,30,10,15,14,16,0,0,0,24,0,0,19,0,0,37,19,0,0,21,0,39,19,13,31,21,0,0
6,2,3,25,0,37,0,0,0,0,22,27,18,39,38,0,0,0,0,0,0,18,19,25,18,0,0,0,0,17,0,0,0,19,0,0,25,25,0,20,0,0,0,17,0,0,0,18,18,18,38,0,17,26,20,25,18,0,0,0,15,17,0,0,16,38,25,15,18,25,10,14,17,0,0,0,0,17,16,0,0,0,0,34,25,0,25,17,0,38,18,13,27,18,0,0
7,2,0,27,0,36,0,0,0,0,22,25,18,35,33,0,0,0,26,0,24,25,24,26,18,0,16,0,0,15,0,0,0,24,0,0,26,25,0,20,0,0,0,17,0,0,0,18,18,18,38,0,24,26,23,26,18,22,0,0,23,17,0,0,12,38,27,15,18,22,10,14,21,0,0,0,0,17,21,0,24,24,23,33,27,0,25,24,0,38,18,13,26,20,0,0
7,2,1,27,0,36,0,0,0,0,0,27,16,37,36,0,0,0,27,0,24,25,24,26,18,0,16,0,0,15,0,0,12,17,0,0,26,27,0,0,0,0,0,16,0,0,0,18,0,18,37,0,16,26,23,26,0,22,0,0,23,17,0,0,12,36,27,16,0,27,0,16,21,0,0,0,0,17,21,0,24,24,13,31,27,0,0,24,0,37,18,14,26,20,0,0
7,2,2,18,0,36,0,16,0,0,23,26,20,32,33,0,0,16,29,0,24,25,14,19,18,0,16,0,0,15,0,0,12,17,0,0,20,29,0,0,0,0,0,16,0,0,0,18,0,18,33,0,16,29,23,19,0,22,0,0,23,17,0,0,12,36,27,16,0,29,0,16,18,0,0,0,16,17,20,0,24,24,13,35,19,0,23,24,0,32,18,15,29,20,0,0
7,2,3,20,0,39,0,21,17,0,23,27,21,37,39,0,19,20,27,0,0,19,19,20,18,0,21,0,0,21,0,0,0,20,0,0,20,26,15,0,0,0,0,0,0,0,0,18,18,18,39,0,20,26,20,19,18,0,21,0,23,17,0,0,20,39,22,17,16,26,0,16,18,20,0,0,16,20,13,0,21,20,20,31,20,0,23,19,0,32,18,15,27,19,0,0
8,2,0,28,0,47,0,22,0,0,29,34,32,47,47,0,30,24,35,0,39,23,23,28,26,0,22,0,0,23,0,0,0,22,0,30,28,41,0,25,0,0,0,15,0,0,0,32,0,32,46,0,23,34,23,28,14,39,22,17,41,32,0,0,0,48,28,0,24,37,0,14,26,28,0,0,0,32,33,0,39,39,40,40,28,0,30,22,0,43,32,0,34,0,0,0
8,2,1,28,0,49,0,26,0,0,29,37,30,50,49,0,30,26,37,0,21,23,20,28,26,0,27,0,0,26,0,0,0,20,0,22,28,36,0,14,0,0,0,14,0,0,0,29,0,30,49,0,20,36,23,28,13,22,26,18,21,29,0,0,0,49,28,0,24,37,0,14,20,26,0,0,0,29,21,0,20,39,40,35,28,0,23,20,0,49,29,0,37,0,0,0
8,2,2,28,0,43,0,22,16,0,25,36,25,43,42,0,0,20,36,0,27,26,26,19,26,0,21,0,0,21,0,0,0,26,0,25,28,35,0,18,0,0,0,14,0,0,0,25,0,25,44,0,20,36,26,19,13,27,20,18,27,25,0,0,12,42,19,0,24,35,0,14,20,26,0,0,0,25,29,0,27,29,29,28,20,0,25,26,0,44,25,16,35,0,0,0
8,2,3,28,0,46,0,29,16,0,25,36,34,47,45,0,0,29,35,0,35,32,32,21,20,0,30,0,0,30,0,0,0,32,0,24,0,35,0,20,0,0,0,17,0,0,0,35,0,34,45,0,20,34,32,19,17,35,30,14,35,35,0,0,12,45,19,0,20,35,0,17,20,30,0,0,0,35,29,0,36,35,35,32,20,0,24,32,0,47,34,16,36,0,0,0
9,2,0,27,0,46,0,19,32,0,0,30,30,47,53,0,0,20,31,0,26,33,32,28,31,0,19,31,0,19,0,0,0,30,0,24,27,35,31,31,0,0,0,18,0,0,0,29,0,29,47,0,29,31,29,27,17,26,20,19,26,29,0,0,0,47,28,0,31,0,0,19,28,20,0,0,0,31,29,0,26,26,24,39,0,0,24,31,0,47,31,0,31,0,0,0
9,2,1,27,0,48,0,20,23,0,0,27,36,49,48,0,30,20,29,0,26,28,27,28,31,0,20,22,0,19,0,0,0,28,0,24,27,28,23,31,0,0,0,18,0,0,0,35,0,35,49,0,27,28,28,27,0,26,20,19,26,36,0,20,18,49,28,19,31,28,0,19,30,20,0,0,0,35,27,0,26,26,16,51,0,0,0,28,0,48,35,0,29,0,0,0
9,2,2,27,0,48,0,24,23,0,0,27,28,48,49,0,30,24,29,0,25,24,27,0,23,0,24,23,0,24,0,0,0,24,0,20,0,28,23,0,0,0,0,12,0,0,0,28,0,27,47,0,24,28,24,0,0,24,24,19,24,28,0,20,18,47,0,19,0,28,11,19,27,24,0,0,0,27,22,0,24,24,25,38,0,0,0,28,0,48,28,0,29,0,0,0
9,2,3,27,0,49,0,27,27,0,0,38,36,50,50,0,30,27,39,0,36,33,33,0,26,0,26,26,0,27,0,0,0,33,0,20,0,38,27,0,0,0,0,12,0,0,0,36,0,36,50,0,33,35,33,0,0,35,27,19,33,28,0,20,18,52,0,19,27,38,11,19,27,27,0,0,0,35,18,0,33,34,33,53,0,0,0,33,0,49,36,15,38,0,22,0
10,2,0,23,0,48,0,29,25,0,0,32,31,48,49,0,0,24,31,0,22,39,40,30,29,0,29,28,0,29,0,0,0,39,0,25,23,32,25,26,0,0,0,0,0,0,0,32,25,31,49,0,39,33,40,22,0,27,29,21,23,31,0,0,0,48,29,0,26,32,14,0,32,29,0,0,0,30,22,0,23,26,27,41,22,0,24,40,0,49,31,13,32,0,0,0
10,2,1,23,0,49,0,30,25,0,25,33,31,48,49,0,0,30,34,0,22,40,40,22,24,0,29,28,0,30,0,0,0,39,0,25,23,34,25,24,0,0,0,0,0,0,0,31,25,31,50,0,39,34,40,22,0,27,31,20,26,31,0,0,0,48,29,0,24,35,14,0,30,29,0,0,0,35,24,0,23,26,26,43,22,0,25,40,0,49,31,13,33,25,0,0
10,2,2,26,0,47,0,29,25,0,25,35,32,48,48,0,25,29,36,0,27,42,42,22,24,0,29,23,0,29,0,0,0,42,0,25,23,35,25,23,0,0,0,0,0,0,0,33,25,33,48,0,42,36,42,22,0,28,29,29,27,32,0,0,0,49,29,0,29,36,14,16,30,29,0,0,0,33,24,0,27,26,26,51,22,0,25,42,0,47,32,13,36,25,0,0
10,2,3,26,0,49,0,43,28,0,28,35,29,48,48,0,26,43,38,0,27,48,44,22,24,0,43,28,0,43,0,0,0,48,0,26,23,38,27,28,0,0,0,0,0,0,0,29,0,33,49,0,48,38,48,22,0,30,43,27,29,29,0,26,0,48,0,0,29,38,0,16,29,43,0,0,0,30,22,0,27,30,30,55,0,0,25,48,0,48,31,0,38,26,0,0
11,2,0,31,0,49,0,19,22,0,28,41,17,27,28,0,29,18,41,0,22,30,30,31,25,0,19,23,0,18,0,0,0,30,0,26,0,41,22,28,0,0,0,0,0,0,0,29,0,0,49,0,30,41,30,31,0,22,43,23,22,29,0,26,0,28,31,0,24,42,0,16,29,20,0,0,0,18,22,0,22,21,22,42,31,0,28,30,0,29,31,0,41,28,0,0
11,2,1,21,0,30,0,27,25,0,0,29,27,29,28,0,29,26,31,0,22,39,39,31,25,0,27,25,0,26,0,0,0,40,0,25,0,31,26,24,0,0,0,13,0,0,0,27,25,27,29,0,40,31,39,21,0,22,0,23,20,28,0,0,0,28,31,0,26,31,0,16,28,26,0,0,0,28,0,0,22,21,21,28,22,0,28,40,0,29,27,14,31,25,0,0
11,2,2,23,0,29,0,26,24,0,26,33,25,30,29,0,0,26,32,0,24,27,28,24,25,0,16,24,0,26,0,0,0,27,0,25,23,31,23,23,0,0,0,13,0,0,0,25,25,25,30,0,28,32,27,21,14,23,26,19,24,25,0,0,0,30,23,0,26,31,12,16,30,26,0,0,12,26,19,0,23,24,23,38,23,0,26,28,0,39,25,15,31,21,0,0
11,2,3,23,0,36,0,24,20,0,26,29,26,37,36,0,0,22,30,0,24,35,35,24,25,0,22,24,0,26,0,0,0,35,0,25,20,30,23,23,0,0,0,0,0,0,0,26,25,24,37,0,35,29,35,24,14,23,22,19,24,30,0,0,0,37,24,0,19,30,12,16,27,24,0,0,12,26,17,0,20,20,22,44,23,0,26,35,0,39,25,19,30,21,0,0
12,2,0,27,0,36,0,22,20,0,26,24,19,36,36,0,0,21,25,0,24,35,35,24,17,0,23,24,0,22,0,0,0,35,0,17,27,25,23,17,0,0,0,14,0,0,0,20,25,19,37,0,35,24,35,28,0,23,22,19,18,30,0,0,0,36,27,0,19,24,12,16,34,21,0,0,12,26,12,0,20,18,16,33,27,0,26,35,0,39,19,19,25,21,0,0
12,2,1,27,0,42,0,21,0,0,27,20,24,41,42,0,0,21,20,0,17,16,18,0,17,0,21,17,0,22,0,0,0,15,0,29,27,25,0,17,0,0,0,11,0,0,0,25,0,25,42,0,17,20,17,28,0,17,22,17,17,25,0,0,0,42,27,0,0,21,0,16,18,21,0,0,11,24,13,0,0,17,18,31,27,0,29,16,0,42,25,0,20,0,0,0
12,2,2,27,0,35,0,21,0,0,27,20,27,35,42,0,0,20,34,0,17,27,27,22,15,0,21,17,0,20,0,0,0,15,0,29,27,34,0,14,0,0,0,11,0,0,0,27,0,30,37,0,26,33,27,28,0,17,19,17,18,27,0,0,0,36,27,0,16,34,0,16,23,21,0,0,11,27,15,0,0,17,18,28,27,0,24,26,0,35,27,0,34,0,0,0
12,2,3,23,0,35,0,22,20,0,0,23,17,37,37,0,0,21,32,0,16,19,20,29,15,0,15,0,0,16,0,0,0,19,0,29,22,22,19,0,0,0,0,0,0,0,0,0,14,19,37,0,20,22,19,24,0,0,15,0,18,17,0,0,0,36,23,0,19,22,10,12,27,25,0,0,0,17,0,0,15,0,0,30,24,0,15,20,0,37,18,0,22,15,0,0
12,2,3,28,0,43,0,15,0,0,0,27,22,43,43,0,24,0,0,0,16,0,0,28,0,0,14,0,0,16,0,0,0,0,0,0,27,22,0,0,0,0,0,0,0,0,0,23,24,22,42,0,0,27,0,28,0,17,15,0,16,22,0,0,0,41,0,0,0,22,0,12,29,14,0,0,0,23,0,0,17,16,16,33,27,0,0,0,0,42,23,0,22,15,0,0
13,2,0,29,0,38,0,15,0,0,18,26,22,37,37,0,18,0,27,0,18,0,0,29,0,0,16,0,0,16,0,0,0,0,0,18,29,26,0,14,0,0,0,16,0,0,0,23,24,21,37,0,0,27,15,29,0,20,0,0,20,22,0,0,0,38,31,0,0,27,0,9,35,14,0,0,15,20,0,0,17,19,24,41,29,0,18,0,0,37,21,21,24,0,0,0
13,2,1,23,0,43,0,17,0,0,18,28,22,43,43,0,21,17,28,0,18,20,19,29,0,0,16,0,0,19,0,0,0,19,0,18,29,30,0,14,0,0,0,11,0,0,0,20,24,21,43,0,19,28,20,29,0,20,0,0,20,20,0,0,0,43,31,0,0,30,12,9,23,16,0,0,12,20,0,0,17,19,16,41,29,0,18,19,0,44,21,16,28,0,0,0
13,2,2,23,0,32,0,17,0,0,0,27,0,34,35,0,17,17,24,0,15,26,27,24,0,0,17,0,0,19,0,0,0,27,0,20,24,23,0,0,0,0,0,11,0,0,0,20,0,22,41,0,26,26,27,24,14,17,17,0,20,20,0,0,13,40,24,14,0,24,14,13,25,16,0,0,12,19,0,0,17,15,16,34,23,0,0,26,0,40,22,20,26,0,0,0
13,2,3,23,0,39,0,16,0,0,0,21,25,39,39,0,18,0,17,0,20,26,27,26,0,0,16,0,0,16,0,0,0,22,0,20,27,20,0,0,0,0,0,0,0,0,0,25,0,26,39,0,22,21,20,27,14,17,16,0,20,25,0,0,13,39,27,14,0,18,15,13,21,16,0,0,0,25,13,0,17,15,0,34,27,0,0,26,0,39,25,20,22,17,0,0
14,2,0,29,0,39,0,16,0,0,23,27,21,39,31,0,18,0,17,0,32,26,27,30,0,0,16,0,0,16,0,0,0,22,0,21,29,27,0,0,0,0,0,0,0,0,0,25,23,21,39,0,22,27,20,27,0,32,16,0,33,25,0,0,13,33,30,14,0,27,15,13,33,16,0,0,0,25,21,0,32,32,33,34,29,0,23,26,0,39,21,19,28,17,0,0
14,2,1,24,0,33,0,0,0,0,23,27,25,39,31,0,0,0,27,0,32,0,27,23,0,0,0,0,0,16,0,0,0,0,0,21,22,28,0,0,0,0,0,0,0,0,0,25,23,25,31,0,0,27,0,23,0,31,0,0,32,25,0,0,0,33,23,0,0,28,0,13,40,0,0,0,14,25,21,0,32,32,31,27,23,0,24,0,0,39,25,16,27,0,0,0
14,2,2,20,0,26,14,0,0,0,23,33,25,28,27,0,0,0,34,0,35,0,27,23,0,0,0,0,0,16,0,0,0,21,0,21,20,35,0,0,0,0,0,0,0,0,0,26,23,25,26,0,18,33,22,20,0,33,0,0,34,26,0,0,11,27,23,0,0,34,0,13,39,0,0,0,14,25,21,0,34,34,34,33,19,0,24,0,0,39,26,25,33,0,0,0
14,2,3,27,0,33,14,0,0,0,21,35,20,35,34,0,21,0,35,0,42,0,19,27,0,0,0,0,0,16,0,0,0,21,0,21,28,35,0,0,0,0,0,0,0,0,0,20,19,25,38,0,18,36,22,28,0,42,0,0,41,21,0,0,13,36,27,0,0,36,15,13,33,0,0,0,0,20,19,0,42,42,42,25,27,0,0,0,0,35,19,18,35,21,0,0
15,2,1,28,0,31,0,0,0,0,22,32,16,36,36,0,22,0,33,0,27,20,20,30,15,0,0,0,0,16,0,0,0,19,0,22,31,32,0,0,0,0,0,13,0,0,0,17,22,17,36,0,20,33,20,28,0,28,0,0,28,21,0,0,15,34,30,0,0,33,26,13,42,0,0,0,12,20,20,0,28,28,28,26,30,0,21,21,0,37,19,27,33,21,0,0
15,2,2,25,0,38,0,0,0,0,24,35,21,38,38,0,0,0,33,0,25,0,16,25,15,0,0,0,0,16,0,0,0,16,0,22,25,33,0,0,0,0,0,0,0,0,0,0,23,21,38,0,0,33,16,25,0,25,0,0,25,0,0,0,15,38,25,0,0,34,26,16,53,0,0,0,0,0,21,0,25,24,25,30,25,0,23,0,0,38,20,14,33,0,0,0
15,2,3,25,0,31,0,0,0,0,24,25,19,33,31,0,0,0,25,0,21,0,16,25,15,0,0,0,0,16,0,0,0,16,0,17,23,25,0,0,0,0,0,0,0,0,0,20,18,21,31,0,0,25,16,25,0,21,0,0,20,0,0,0,15,31,25,15,0,25,26,14,48,0,0,0,0,19,21,0,25,20,20,26,22,0,23,0,0,31,19,18,25,18,0,0
15,2,0,25,0,31,0,0,0,0,24,31,19,33,31,0,0,0,31,0,27,0,16,25,15,0,0,0,0,16,0,0,0,16,16,15,23,31,0,0,0,0,0,13,0,0,0,20,18,20,31,0,0,31,16,25,0,27,0,0,27,19,0,0,15,28,25,15,0,31,16,14,41,0,0,0,13,20,13,0,26,27,27,26,22,0,23,0,0,31,19,23,30,18,0,0
16,2,1,25,0,28,0,0,0,0,28,30,0,33,26,0,0,0,30,0,25,0,16,25,15,0,0,0,0,16,0,0,0,0,0,26,0,31,0,0,0,0,0,10,0,0,0,0,22,17,31,0,0,31,0,0,10,25,0,0,24,0,0,0,0,28,20,0,0,31,16,11,35,0,0,0,10,0,0,0,26,25,25,18,24,0,23,0,0,31,19,18,30,0,0,0
16,2,2,20,0,21,0,0,0,0,27,30,15,33,22,0,27,0,31,0,24,0,16,19,15,0,0,0,0,16,0,0,0,0,0,27,0,30,0,0,0,0,0,11,0,0,0,15,22,16,22,0,0,30,0,0,10,24,0,0,24,16,0,0,0,28,20,11,0,31,16,12,41,0,0,0,10,0,18,0,25,24,24,20,20,0,23,0,0,31,16,18,30,0,0,0
16,2,3,20,0,25,0,0,0,0,16,27,15,26,26,0,27,0,27,0,23,0,16,19,15,0,0,0,0,16,0,0,0,0,0,27,0,30,0,0,0,0,0,16,0,0,0,15,22,17,25,0,0,27,0,0,16,24,0,0,23,16,0,0,0,25,20,16,0,26,14,12,42,0,0,0,17,17,19,0,23,23,23,23,20,0,23,0,0,25,16,27,26,0,0,0
16,2,0,27,0,26,0,0,0,0,14,30,22,26,26,0,27,0,30,0,25,0,16,28,15,0,0,0,16,16,0,0,0,0,0,27,26,30,0,0,0,16,0,16,0,0,0,15,0,21,25,0,0,30,0,27,12,25,0,0,25,16,0,0,0,25,26,16,0,30,17,12,39,0,0,0,17,17,19,0,25,23,23,20,27,0,15,0,0,25,21,27,30,0,0,0
17,2,0,32,0,24,30,0,0,0,21,25,0,23,24,0,21,0,24,0,23,0,16,33,15,17,0,0,29,16,0,0,0,0,29,22,32,25,0,0,0,30,0,12,14,0,15,0,19,14,23,0,0,24,0,33,11,25,0,0,21,18,17,0,0,24,33,15,0,24,12,15,31,0,29,0,15,19,22,0,19,26,22,18,33,30,16,0,16,23,17,27,24,23,0,0
17,2,1,18,0,23,30,0,0,0,0,27,20,24,24,0,23,0,31,0,34,0,16,20,15,17,0,0,18,16,0,0,0,0,17,22,21,31,0,0,0,30,0,11,0,0,0,19,23,14,23,0,0,31,0,21,0,30,0,0,31,0,17,0,0,23,19,12,0,31,16,15,40,0,16,0,12,16,22,0,33,30,31,0,20,30,0,0,0,23,17,27,32,23,0,0
17,2,2,15,0,26,0,0,0,0,19,27,20,25,26,0,23,0,27,0,28,0,16,16,15,0,0,0,18,16,0,0,0,0,17,19,21,27,0,0,0,22,0,17,0,0,0,19,23,0,23,0,0,26,0,21,0,27,0,0,28,0,17,0,0,25,16,15,0,26,14,15,40,0,16,0,15,16,22,0,28,28,27,21,20,30,0,0,0,26,17,34,27,0,0,0
17,2,3,25,0,26,0,0,0,0,19,37,16,21,26,0,23,0,37,0,33,0,16,25,15,0,0,0,16,16,0,0,0,0,17,19,21,37,0,0,0,22,0,17,13,0,0,19,23,0,21,0,0,37,0,25,0,32,0,0,32,0,17,0,14,25,25,16,0,37,14,15,43,0,16,0,15,16,22,0,28,32,32,26,20,30,0,0,0,26,17,31,36,0,0,0
18,2,3,39,0,29,31,0,0,0,21,30,0,29,29,0,22,0,31,0,26,0,0,41,0,16,0,0,32,0,0,0,0,0,31,22,38,30,0,0,0,32,0,16,20,0,18,0,0,0,29,0,0,31,0,38,14,27,0,0,26,0,18,0,14,34,40,0,0,30,21,16,34,0,33,0,15,0,16,0,26,24,26,16,39,31,0,0,0,29,17,29,30,22,0,0
18,2,0,38,0,29,31,0,0,0,19,29,0,29,29,0,22,0,30,0,27,0,0,38,0,19,0,0,31,0,19,0,0,0,32,22,38,29,0,0,0,31,0,16,19,0,19,0,23,0,29,0,0,29,0,38,14,26,0,0,27,0,19,0,14,34,39,0,0,30,21,13,39,0,31,0,15,0,18,0,28,27,27,16,38,32,20,0,19,28,17,31,29,22,0,0
18,2,1,27,0,29,24,0,0,0,19,29,0,26,27,0,24,0,30,0,29,0,0,26,0,19,0,0,23,0,19,0,0,0,24,22,27,29,0,0,0,24,0,13,19,0,19,0,24,0,29,0,0,29,0,26,14,29,0,0,29,0,19,0,0,25,27,0,0,30,0,14,41,0,24,0,15,0,18,0,30,29,29,16,27,24,20,0,19,28,17,34,29,23,0,0
18,2,2,26,0,29,26,0,0,0,17,21,0,22,23,0,16,0,30,0,32,0,0,26,0,19,0,0,26,0,19,0,0,0,27,22,25,21,0,0,0,26,0,13,19,0,19,0,16,0,29,0,0,29,0,26,14,32,0,0,31,0,19,0,0,23,26,0,0,21,15,14,41,0,26,0,14,0,18,0,33,33,32,0,26,26,20,0,19,23,17,33,29,17,0,0
18,3,0,0,0,28,32,0,0,0,0,35,0,27,27,0,0,0,35,0,31,0,0,0,17,19,0,0,32,0,21,0,0,0,31,0,0,35,0,17,0,32,0,9,20,0,21,17,0,16,20,0,0,35,0,0,12,31,0,0,32,0,20,0,0,20,0,0,17,35,0,12,46,0,31,0,10,0,0,0,32,32,33,23,0,33,0,0,21,27,18,31,35,0,0,0
18,3,1,0,0,22,31,0,0,0,0,33,17,27,27,0,0,0,33,0,30,0,0,0,17,19,0,0,31,0,21,0,0,0,32,0,0,33,0,17,0,32,0,9,20,0,21,17,0,16,21,0,0,33,0,0,12,33,0,0,31,0,20,0,14,22,0,0,17,33,0,13,49,0,32,0,10,0,11,0,31,31,31,18,0,32,0,0,21,21,18,29,33,0,0,0
18,3,2,0,0,24,35,0,0,0,0,29,17,27,27,0,0,0,29,0,25,0,0,0,15,19,0,0,35,0,21,0,0,0,35,0,0,33,0,14,0,35,0,0,20,0,21,17,0,16,21,0,0,29,0,0,12,24,0,0,24,0,20,0,14,22,0,0,17,33,0,13,43,0,35,0,12,0,12,0,25,24,24,26,0,35,0,0,21,21,18,30,29,0,0,0
18,3,3,0,0,17,31,0,0,0,0,36,0,27,27,0,0,0,36,0,39,0,0,0,15,0,0,0,31,0,0,0,0,0,31,0,0,0,0,13,0,31,0,0,0,0,0,0,0,0,0,0,0,36,0,0,0,40,0,0,39,0,20,0,0,0,0,0,0,36,0,11,48,0,30,0,12,0,23,0,39,40,39,26,0,31,0,0,0,16,18,32,36,0,0,0
18,4,0,0,0,25,31,0,0,0,0,35,0,16,27,0,0,0,34,0,31,0,0,0,15,19,0,0,31,0,19,0,0,0,32,0,0,35,0,13,0,32,0,0,17,0,0,16,0,0,22,0,0,34,0,0,9,31,0,0,31,19,20,0,0,25,0,0,0,35,0,11,33,0,32,0,0,16,20,0,32,31,31,26,0,32,0,0,16,23,17,27,25,0,0,0
18,4,1,0,0,0,30,0,0,0,0,32,0,24,24,0,0,0,31,0,33,0,0,0,15,0,0,0,30,0,0,0,0,0,31,0,0,31,0,0,0,30,0,0,17,0,0,15,0,0,0,0,0,31,0,0,0,33,0,0,34,19,20,0,0,0,0,0,0,32,0,11,37,0,30,0,9,15,26,0,33,32,32,13,0,30,0,0,13,23,17,28,33,0,0,0
18,4,2,0,0,16,26,0,0,0,0,29,19,24,16,0,0,0,29,0,29,0,0,0,15,0,0,0,26,0,0,0,0,0,27,0,0,29,0,0,0,26,0,0,17,0,15,15,0,0,0,0,0,29,0,0,0,29,0,0,29,18,16,0,0,0,0,0,13,30,0,11,45,0,26,0,9,15,26,0,28,29,28,19,0,27,0,0,13,16,17,16,30,0,0,0
18,4,3,0,0,16,31,0,0,0,0,31,16,22,21,0,0,0,31,0,32,0,0,0,15,20,0,0,31,0,18,0,0,0,31,0,0,31,0,0,0,31,0,0,19,0,18,15,0,0,21,0,0,31,0,0,0,33,0,0,32,16,18,0,0,21,0,0,13,31,0,11,48,0,31,0,9,15,26,0,32,33,31,19,0,31,0,0,20,16,17,18,31,0,0,0
18,5,0,13,0,0,31,0,0,0,0,33,0,20,20,0,0,0,33,0,34,0,0,0,15,0,0,0,31,0,0,0,0,0,30,0,14,33,0,0,0,31,0,0,0,0,0,0,0,0,22,0,0,33,0,0,9,36,0,0,34,0,18,0,0,20,0,0,12,33,0,9,37,0,31,0,0,0,22,0,34,34,34,20,14,31,0,0,0,21,17,26,33,0,0,0
18,5,1,13,0,24,24,0,0,0,0,34,0,20,23,0,0,0,34,0,30,0,0,0,15,0,0,0,24,0,0,0,0,0,23,0,14,34,0,0,0,24,0,0,0,0,0,0,0,0,24,0,0,35,0,0,9,29,0,0,30,0,18,0,0,23,0,11,0,34,0,9,39,0,24,0,11,0,27,0,29,31,30,15,14,24,0,0,0,24,17,17,33,0,0,0
18,5,2,13,0,16,28,0,24,0,0,29,0,21,23,0,0,0,30,0,43,0,0,0,24,0,0,22,28,0,0,0,0,0,28,0,0,30,0,0,0,28,0,0,0,0,0,0,0,0,20,0,0,28,0,0,0,41,0,0,42,0,18,0,0,21,0,11,23,32,0,9,38,0,27,0,11,0,24,0,43,42,42,21,0,28,0,0,0,16,17,13,30,0,0,0
18,5,3,13,0,16,27,0,24,0,0,34,0,21,23,0,0,0,34,0,37,0,0,0,24,0,0,22,27,0,0,0,0,0,27,0,0,34,0,0,0,27,0,0,0,0,0,0,0,0,17,0,0,33,0,0,0,38,0,0,37,0,18,0,0,21,0,11,23,34,0,9,34,0,28,0,11,0,18,0,38,37,38,19,0,27,0,0,0,16,17,20,34,0,0,0
18,6,0,13,0,20,29,0,0,0,0,30,0,0,20,0,0,0,30,0,29,0,0,0,15,0,0,0,29,0,0,0,0,0,29,0,0,30,0,0,0,28,0,0,0,0,0,0,0,0,20,0,0,31,0,0,0,30,0,0,29,0,18,0,0,0,0,0,14,31,0,8,39,0,29,0,0,0,33,0,29,29,29,20,0,29,0,0,0,21,17,26,31,0,0,0
18,6,1,13,0,20,31,0,0,0,0,32,0,0,20,0,0,0,32,0,35,0,0,0,15,0,0,0,31,0,16,0,0,0,31,0,0,32,0,0,0,31,0,0,0,0,0,0,0,0,16,0,0,32,0,0,0,35,0,0,34,0,18,0,0,18,0,0,0,32,0,8,37,0,31,0,0,0,33,0,35,35,35,14,0,31,0,0,16,16,17,24,31,0,0,0
18,6,2,13,0,17,29,0,0,0,0,28,0,0,20,0,0,0,28,0,39,0,0,0,17,0,0,0,28,0,16,0,0,0,28,0,0,28,0,0,0,29,0,0,0,0,0,0,0,0,14,0,0,28,0,0,0,39,0,0,40,0,18,0,0,18,0,0,16,29,0,8,43,0,29,0,0,0,33,0,39,39,39,21,0,27,0,0,16,16,17,14,29,0,0,0
18,6,3,13,0,19,25,0,0,0,0,26,0,20,20,0,0,0,26,0,43,0,0,0,17,0,0,0,26,0,16,0,0,0,26,0,0,27,0,0,0,25,0,0,16,0,17,0,0,0,14,0,0,27,0,0,0,43,0,0,43,0,16,0,0,19,0,0,16,27,0,8,42,0,25,0,0,0,27,0,43,44,43,18,0,25,0,0,15,19,17,19,26,0,0,0
18,7,0,13,0,23,21,0,0,0,0,37,0,20,22,0,0,0,37,0,45,0,0,0,17,0,0,0,22,0,0,0,0,0,22,0,0,37,0,0,0,22,0,0,16,0,17,0,0,0,23,0,0,37,0,0,0,45,0,0,45,0,14,0,0,19,0,0,16,37,0,8,39,0,22,0,0,0,24,0,45,45,45,23,0,19,0,0,15,22,17,19,37,0,0,0
18,7,1,13,0,23,26,0,0,0,0,34,0,0,23,0,0,0,33,0,41,0,0,0,17,0,0,0,27,0,0,0,0,0,22,0,0,34,0,0,0,26,0,0,0,0,0,0,0,0,23,0,0,34,0,0,0,42,0,0,42,0,14,0,0,23,0,0,0,34,0,8,45,0,26,0,0,0,33,0,42,41,43,20,0,23,0,0,0,22,17,25,33,0,0,0
18,7,2,13,0,17,21,0,14,0,0,31,0,17,17,0,0,0,24,0,48,0,0,0,17,0,0,0,24,0,0,0,0,0,23,0,0,24,0,0,0,23,0,0,0,0,0,0,0,16,23,0,0,34,0,0,0,48,0,0,48,0,14,0,0,18,0,0,0,24,0,8,44,0,25,0,0,0,25,0,48,48,48,23,0,24,0,0,0,18,17,15,25,0,0,0
18,7,3,13,0,17,23,0,14,0,0,27,0,17,14,0,0,0,23,0,47,0,0,0,17,0,0,0,22,0,0,0,0,0,22,0,0,26,0,0,0,22,0,0,0,0,0,0,0,16,0,0,0,26,0,0,0,47,0,0,47,0,14,0,0,14,0,0,13,26,0,8,42,0,22,0,0,0,17,0,47,47,46,25,0,22,0,0,0,18,17,13,27,0,0,0
18,8,0,13,0,22,25,0,26,0,0,29,0,0,20,0,0,0,29,0,48,0,0,0,26,0,0,26,26,0,0,0,0,0,25,0,0,29,25,24,0,25,0,0,21,0,20,0,0,0,19,0,0,29,0,0,0,48,0,0,49,0,20,0,0,19,0,0,26,30,0,8,36,0,25,0,0,0,37,0,47,47,47,25,0,25,0,0,0,22,0,14,29,0,0,0
18,8,1,13,0,15,24,0,29,0,0,31,0,14,15,0,0,0,31,0,49,0,0,0,29,0,0,26,25,0,0,0,0,0,24,0,0,31,29,29,0,23,0,0,21,0,20,0,0,0,19,0,0,31,0,0,0,50,0,0,50,0,20,0,0,19,0,0,28,31,0,8,42,0,24,0,0,0,23,0,49,49,49,19,0,24,0,0,0,22,0,21,31,0,0,0
18,8,2,13,0,15,25,0,25,0,0,31,0,14,15,0,0,0,33,0,52,0,0,0,25,0,0,25,25,0,21,0,0,0,25,0,0,33,25,25,0,26,0,0,21,0,22,0,0,0,19,0,0,33,0,0,0,51,0,0,52,0,20,0,0,14,0,0,25,33,0,8,51,0,25,0,0,0,40,0,52,52,51,21,0,26,0,0,22,22,0,11,33,0,0,0
18,8,3,13,0,15,26,0,25,0,0,24,0,20,20,0,0,0,24,0,63,0,0,0,25,19,0,25,27,0,18,0,0,0,27,0,0,24,25,25,0,27,0,0,20,0,20,0,0,0,19,0,0,25,0,0,0,63,0,0,63,0,19,0,0,19,0,0,17,24,0,8,42,0,27,0,0,0,34,0,63,63,63,20,0,27,0,0,20,20,0,15,24,0,0,0
18,9,0,13,0,0,21,0,25,0,0,24,0,20,20,0,0,0,24,0,64,0,0,0,25,19,0,25,22,0,18,0,0,0,23,0,0,24,25,25,0,21,0,0,20,0,20,0,0,16,19,0,0,25,0,0,0,64,0,0,64,0,19,0,0,19,0,0,17,24,0,8,37,0,23,0,0,0,30,0,63,64,64,20,0,23,0,0,20,17,0,13,24,0,0,0
18,9,1,13,0,20,20,0,0,0,0,21,0,20,19,0,0,0,21,0,63,0,0,0,25,0,0,0,20,0,0,0,0,0,21,0,0,21,0,0,0,21,0,0,0,0,0,0,0,16,0,0,0,21,0,0,0,63,0,0,63,0,19,0,0,19,0,0,0,22,0,8,31,0,21,0,0,0,27,0,63,63,63,23,0,21,0,0,0,20,0,19,21,0,0,0
18,9,2,13,0,20,18,0,20,0,0,30,0,19,18,0,0,0,32,0,61,0,0,0,25,0,0,20,22,0,17,0,0,0,17,0,0,30,20,0,0,20,0,0,17,0,17,0,0,0,15,0,0,31,0,0,0,61,0,0,61,0,16,0,0,19,0,0,0,29,0,8,37,0,20,0,0,0,37,0,61,61,62,13,0,18,0,0,17,18,0,17,31,0,0,0
18,9,3,13,0,20,18,0,20,0,0,30,0,19,21,0,0,0,30,0,59,0,0,0,25,16,0,20,22,0,17,0,0,0,17,0,0,29,20,0,0,17,0,0,17,0,17,0,0,0,15,0,0,30,0,0,0,60,0,0,59,0,18,0,0,19,0,0,0,29,0,8,36,0,20,0,0,0,29,0,59,59,59,13,0,18,0,0,17,18,0,15,29,0,0,0
18,10,3,0,0,15,18,0,0,0,0,26,0,15,16,0,0,0,26,0,68,0,0,0,16,0,0,0,19,0,0,0,0,0,18,0,0,26,0,14,0,21,0,0,0,0,14,0,0,0,18,0,0,26,0,0,0,67,0,0,67,0,15,10,0,16,0,0,0,26,0,0,32,0,18,0,0,0,31,0,67,67,68,20,0,18,0,0,0,16,0,15,26,0,0,0
18,10,0,0,0,20,22,0,0,0,0,27,0,21,20,0,0,0,27,0,66,0,0,0,16,0,0,0,19,0,0,0,0,0,22,0,0,27,15,14,0,21,0,0,0,0,14,0,0,0,18,0,0,27,0,0,0,66,0,0,66,0,15,10,0,16,0,0,0,27,0,0,31,0,18,0,0,0,33,0,66,66,66,21,0,20,0,0,0,20,0,19,27,0,0,0
18,10,1,0,0,16,21,0,0,0,0,27,0,16,17,0,0,0,24,0,55,0,0,0,16,0,0,0,0,0,0,0,0,0,21,0,0,24,11,0,0,21,0,0,0,0,14,0,0,0,0,0,0,27,0,0,0,56,0,13,55,0,15,10,0,16,0,0,0,25,0,0,32,0,0,0,0,0,27,0,55,55,55,21,0,20,0,0,0,20,0,15,24,0,0,0
18,10,2,0,0,15,21,0,0,0,0,29,0,16,17,0,0,16,29,0,56,0,0,0,16,0,17,0,17,0,0,0,0,0,21,0,0,29,11,0,0,0,0,0,0,0,0,0,0,0,0,0,0,29,0,0,0,56,17,13,55,0,15,0,0,0,0,0,0,29,0,0,36,0,17,0,0,0,31,0,55,55,55,18,0,16,0,0,0,20,0,16,29,0,0,0
10,1,0,28,0,49,0,26,24,0,31,35,19,49,49,0,32,27,35,0,18,31,31,0,28,0,26,0,0,26,0,0,0,31,0,31,0,35,23,14,0,0,0,0,0,0,0,0,31,0,49,0,31,35,0,0,0,19,27,24,18,21,15,19,14,48,0,0,24,36,0,0,28,27,0,0,0,20,16,13,16,18,19,42,0,16,35,31,0,49,24,0,36,30,17,0
10,1,1,28,0,40,0,26,22,0,33,30,28,40,39,0,34,27,30,0,18,31,27,0,28,0,16,0,0,16,0,0,0,26,0,35,0,29,22,14,0,0,0,0,0,0,0,0,36,28,41,0,26,29,0,0,0,19,17,19,18,28,15,19,13,40,0,0,21,29,0,0,28,16,0,0,0,20,16,13,16,18,19,50,0,16,36,26,0,40,24,0,29,35,17,0
10,1,2,28,0,46,0,26,18,0,33,34,24,46,46,0,34,25,33,0,23,24,27,0,28,0,16,0,0,24,0,0,0,24,0,33,0,33,22,14,0,0,0,0,0,0,0,24,33,28,46,0,24,32,24,0,12,19,25,19,22,25,15,19,13,45,0,0,18,33,0,0,21,16,0,0,0,25,20,13,22,18,19,47,0,16,36,26,0,46,23,13,33,32,0,0
10,1,3,28,0,51,0,31,30,0,30,28,24,52,51,0,34,25,29,0,23,38,38,0,30,0,30,28,0,32,0,0,0,38,0,29,0,27,30,30,0,0,0,0,0,0,0,26,29,28,51,0,37,32,37,0,12,28,25,26,22,28,15,28,13,51,0,0,32,30,0,0,21,29,0,0,0,26,20,13,28,27,0,61,0,16,28,37,0,51,23,14,28,29,0,0
9,1,0,28,0,49,0,31,24,0,30,35,32,49,51,0,22,19,34,0,19,23,38,0,24,0,24,25,0,20,0,0,0,22,0,22,0,35,25,30,0,0,0,0,0,0,0,32,29,31,49,0,23,35,23,0,12,28,20,20,20,32,15,20,0,49,0,0,22,34,0,0,26,29,0,0,0,32,16,13,19,27,0,46,0,16,28,37,0,51,31,14,34,29,19,0
9,1,1,28,0,47,0,18,24,0,14,35,37,48,48,0,22,19,35,0,19,23,38,0,19,0,24,19,0,20,0,0,0,27,0,22,0,35,25,0,0,0,0,20,0,0,0,37,0,37,48,0,28,35,27,0,0,0,20,20,20,37,15,17,0,48,0,0,19,34,0,0,23,18,0,0,0,37,16,13,19,23,0,47,0,16,0,0,0,48,37,16,34,29,19,0
9,1,2,28,0,47,0,21,18,0,21,33,39,40,39,0,22,21,34,0,21,19,18,0,19,0,21,19,0,25,0,0,0,19,0,22,0,34,25,0,0,0,0,20,0,0,0,37,0,38,39,0,18,34,18,0,0,22,21,17,20,38,15,13,0,39,0,0,19,34,0,0,19,18,0,0,0,37,16,13,20,23,22,45,0,16,21,18,0,48,38,14,33,29,19,0
9,1,3,28,0,47,0,27,18,0,28,40,37,47,47,0,27,27,41,0,23,28,28,0,19,0,26,22,0,27,0,0,0,19,0,22,0,40,22,0,0,0,0,23,0,0,0,35,0,35,47,0,18,40,28,0,24,23,21,21,20,38,15,20,0,46,0,24,19,40,0,0,31,27,0,0,24,36,21,13,20,23,23,49,0,16,28,22,0,47,36,14,40,0,21,0
9,3,0,28,0,44,0,37,22,0,0,48,31,44,47,0,21,25,49,0,36,41,41,0,24,0,26,0,0,26,0,0,0,22,0,22,0,49,23,23,0,0,0,0,0,0,0,32,0,32,43,0,24,50,23,0,14,36,26,21,36,32,15,14,16,43,0,0,23,49,0,0,39,26,0,0,0,32,35,13,36,37,37,36,0,16,19,41,0,43,32,0,47,21,18,0
9,3,1,28,0,48,0,25,0,0,0,48,36,48,47,0,21,25,49,0,31,26,26,0,24,0,25,0,0,25,0,0,0,26,0,22,0,49,0,21,0,0,0,15,0,0,0,36,0,37,47,0,26,50,27,0,0,31,25,23,31,36,15,28,0,47,0,0,20,49,0,16,31,25,0,0,0,35,27,13,32,31,32,52,0,16,0,26,0,47,36,0,47,21,0,0
9,3,2,28,0,39,0,31,0,0,0,48,34,42,39,0,21,31,43,0,36,39,40,0,23,0,30,0,0,31,0,0,0,39,0,22,0,43,0,21,0,0,0,13,0,0,0,35,0,34,39,0,39,43,40,0,0,37,33,18,37,34,15,24,0,39,0,0,20,45,0,11,31,30,0,0,0,35,28,13,37,37,37,53,0,16,0,39,0,40,33,0,43,21,0,0
9,3,3,28,0,55,0,30,34,0,23,36,36,55,55,0,0,33,36,0,30,51,51,0,35,0,32,36,0,35,0,0,0,51,0,24,0,35,34,36,0,0,0,13,0,0,0,36,29,36,55,0,51,36,51,0,0,31,31,27,29,37,15,26,0,55,0,0,35,36,0,11,28,42,0,0,0,36,28,13,28,28,29,58,0,16,22,53,0,48,37,0,36,0,19,0
10,3,0,28,0,52,0,25,31,0,23,36,31,51,51,0,0,25,41,0,21,44,43,0,32,0,28,31,0,26,0,0,0,43,0,23,0,41,32,32,0,0,0,0,0,0,0,31,29,30,51,0,43,36,43,0,0,21,27,25,22,31,15,26,0,51,0,0,32,41,0,11,31,25,0,0,0,31,20,13,22,21,20,44,0,16,22,43,0,51,31,0,36,0,19,0
10,3,1,28,0,55,0,27,30,0,0,0,35,54,54,0,25,26,33,0,26,41,41,0,29,0,28,29,0,27,0,0,0,40,0,23,0,34,30,29,0,0,0,0,0,0,0,32,0,34,54,0,41,35,41,0,0,21,29,25,26,34,15,14,0,54,0,0,29,33,0,11,29,26,0,0,0,33,18,13,22,21,20,53,0,16,0,41,0,54,34,0,34,0,0,0
10,3,2,28,0,40,0,34,30,0,0,36,30,41,40,0,15,33,36,0,26,36,37,0,29,0,35,29,0,33,0,0,0,35,0,23,0,33,30,29,0,0,0,12,0,0,0,29,0,30,43,0,35,36,35,0,0,26,35,29,26,30,15,14,0,39,0,0,29,36,0,11,31,34,0,0,0,29,18,13,26,26,0,44,0,16,0,35,0,40,30,0,35,0,0,0
10,3,3,28,0,35,0,31,34,0,19,45,50,36,36,0,15,33,45,0,26,45,44,0,34,0,33,34,0,37,0,0,12,44,0,19,0,44,34,34,0,0,0,12,0,0,0,50,0,49,50,0,44,44,44,0,0,37,32,38,37,50,15,20,0,36,0,0,35,43,0,11,41,31,0,0,0,49,24,13,37,37,26,51,0,16,19,44,0,49,49,14,44,0,19,0
9,4,3,0,0,38,0,23,27,0,0,42,49,39,38,0,16,26,44,0,37,41,41,0,27,0,24,27,0,24,0,0,0,41,0,0,0,42,28,28,0,0,0,19,0,0,0,49,0,50,38,0,41,43,42,0,15,37,23,31,37,50,0,26,0,38,0,0,27,46,0,0,43,23,0,0,16,49,31,0,37,37,37,43,0,0,0,42,0,38,50,0,43,0,16,0
9,4,0,0,0,40,0,26,26,0,0,43,49,40,41,0,16,26,43,0,39,43,42,0,26,0,26,27,0,26,0,0,0,43,17,0,0,45,28,26,0,0,0,19,0,0,0,51,0,49,39,0,43,43,42,0,0,39,23,26,39,49,0,26,0,41,0,0,27,44,0,0,35,26,0,0,20,50,36,0,38,38,39,41,0,0,0,42,0,40,51,0,43,0,16,0
9,4,1,0,0,48,0,26,26,0,16,38,40,47,47,0,18,29,40,0,31,38,38,0,23,0,26,25,0,28,0,0,0,39,17,16,0,40,25,25,0,0,0,16,0,0,0,40,0,41,47,0,37,39,39,0,17,31,29,31,31,40,0,13,0,47,0,0,25,39,0,0,41,26,0,0,20,41,36,0,31,32,39,41,0,0,0,39,0,47,41,0,39,0,0,0
9,4,2,0,0,48,0,27,32,0,16,37,44,47,47,0,18,29,38,0,37,40,40,0,23,0,27,25,0,28,0,0,0,41,17,16,0,38,33,33,0,16,0,16,0,0,0,43,0,44,47,0,40,38,39,0,17,34,27,34,31,47,0,21,0,34,0,0,32,38,0,0,42,27,17,0,20,44,31,0,34,35,39,43,0,0,0,40,0,47,44,0,38,0,0,0
10,4,0,0,0,42,0,21,36,0,0,45,52,52,53,0,0,21,45,0,42,38,37,0,36,0,35,35,0,21,0,0,0,38,0,20,0,46,36,36,0,16,0,13,0,0,0,52,0,52,41,0,37,44,38,0,0,42,22,18,42,52,0,21,0,52,0,0,35,45,0,0,40,22,17,0,14,53,31,0,42,41,41,51,0,0,0,38,0,52,52,0,45,0,14,0
10,4,1,0,0,45,0,29,36,0,17,45,41,45,46,0,14,29,39,0,42,43,43,0,25,0,29,25,0,29,0,0,0,43,0,15,0,38,25,25,0,0,0,0,0,0,0,42,0,42,46,0,43,44,43,0,0,42,29,30,42,42,0,0,0,46,0,0,35,39,0,0,37,30,0,0,0,42,0,0,42,24,23,51,0,0,0,44,0,45,42,0,38,0,0,0
10,4,2,0,0,45,0,32,31,0,17,39,47,39,37,0,14,32,41,0,0,38,37,0,32,0,32,35,0,32,0,0,0,38,0,15,0,40,25,25,0,0,0,0,0,0,0,47,0,47,46,0,37,39,37,0,0,0,29,24,42,49,0,0,0,38,0,0,31,42,0,0,39,32,0,0,0,47,32,0,0,27,26,45,0,0,0,38,0,38,47,0,40,0,0,0
10,4,3,0,0,42,0,36,35,0,17,40,50,42,41,0,14,38,44,0,27,37,37,0,34,0,38,35,0,36,0,0,0,37,0,15,0,43,35,35,0,0,0,0,0,0,0,50,0,50,43,0,37,43,37,0,0,32,30,21,32,49,0,28,0,42,0,0,35,44,0,0,41,36,0,0,0,50,29,0,0,32,32,58,0,0,0,36,0,42,49,0,46,17,17,0
8,5,0,0,0,36,17,29,36,0,0,46,48,35,36,0,0,29,46,0,30,46,45,0,37,0,29,38,0,29,0,0,0,46,16,14,0,46,37,37,0,0,0,0,0,0,0,45,0,45,36,0,47,45,45,0,0,31,0,27,30,45,0,28,0,42,0,0,37,45,0,0,37,29,16,0,0,47,40,0,0,29,31,49,0,0,0,46,0,36,44,0,46,0,20,0
8,5,1,0,0,41,17,35,37,0,0,46,37,43,42,0,0,33,30,0,25,43,44,0,37,0,33,37,0,33,0,0,0,44,16,15,0,30,37,37,0,0,0,0,0,0,0,37,0,37,36,0,45,30,44,0,0,0,33,27,26,37,0,20,0,42,0,0,37,30,0,0,35,29,0,0,0,37,40,0,25,29,0,53,0,0,14,45,0,43,38,0,30,0,0,0
8,5,2,0,0,30,15,29,37,0,0,43,42,43,31,0,0,30,43,0,36,38,37,0,36,0,33,37,0,29,0,0,0,37,16,15,0,43,36,36,0,0,0,0,0,0,0,42,0,42,31,0,37,43,37,0,0,0,33,20,35,42,0,20,0,30,0,0,36,43,0,0,33,29,0,0,0,42,31,0,25,35,35,46,0,0,14,37,0,30,42,0,43,0,18,0
8,5,3,0,0,30,15,32,37,0,0,41,36,30,30,0,0,32,41,0,36,52,51,0,36,0,31,37,0,32,0,0,0,51,0,15,0,42,36,36,0,0,0,0,0,0,0,36,0,36,31,0,51,42,51,0,0,28,32,30,29,36,0,27,0,30,0,0,34,41,0,0,39,32,0,0,0,36,31,0,28,28,28,57,0,0,14,51,0,30,36,0,41,0,18,0
9,5,0,0,0,38,0,22,33,0,0,49,47,38,38,0,12,23,49,0,34,35,34,0,33,0,23,27,0,22,0,0,0,35,14,23,0,49,33,33,0,0,0,17,0,0,0,48,18,46,38,0,35,49,33,0,15,37,23,33,35,48,0,16,0,38,0,0,33,49,0,0,44,22,0,0,16,49,43,0,34,34,34,52,0,16,0,33,0,38,48,0,49,0,0,0
9,5,1,0,0,40,0,20,31,0,0,35,42,39,39,0,11,20,33,0,25,41,40,0,31,0,21,32,0,21,0,0,0,41,0,11,0,33,31,28,0,0,0,19,0,0,0,42,18,43,39,0,41,35,40,0,0,37,0,20,24,42,0,0,0,39,0,19,31,33,0,0,32,20,0,0,19,43,43,0,34,25,25,52,0,16,0,40,0,39,41,0,35,0,0,0
9,5,2,0,0,37,0,27,38,0,0,40,46,37,38,0,12,20,41,0,32,39,39,0,37,0,26,37,0,27,0,0,0,38,0,11,0,40,36,37,0,0,0,13,0,0,0,45,18,45,37,0,40,40,39,0,0,34,27,20,31,45,0,0,0,40,0,19,39,41,0,0,34,27,0,0,13,46,43,0,40,25,33,47,0,16,0,39,0,37,45,0,41,0,21,0
9,5,3,0,0,46,0,26,29,0,0,47,47,46,48,0,12,26,46,0,47,36,36,0,29,0,27,29,0,26,0,0,0,36,0,11,0,47,30,31,0,0,0,0,0,0,0,47,12,47,41,0,36,47,36,0,7,45,26,31,45,46,0,21,0,40,0,0,30,47,0,0,45,26,0,0,23,47,30,0,45,45,45,53,0,16,0,36,0,46,46,0,47,0,12,0
10,5,0,0,0,0,19,20,29,0,0,45,45,42,42,0,0,21,45,0,44,35,35,0,30,0,21,29,0,20,0,0,0,35,0,12,0,45,29,29,0,19,0,0,0,0,0,45,12,45,44,0,35,45,35,0,7,44,20,27,44,45,0,15,13,41,0,0,30,44,0,13,45,21,0,0,0,46,30,0,44,44,45,49,0,16,0,35,0,41,45,0,45,0,12,0
10,5,1,0,0,43,19,27,32,0,0,39,47,43,43,0,0,28,45,0,31,38,38,0,32,0,27,33,0,28,0,0,0,38,0,12,0,39,35,33,0,19,0,0,0,0,0,46,0,47,43,0,37,38,38,0,11,35,27,30,44,47,0,15,13,43,0,0,32,39,0,13,36,27,0,0,0,47,30,0,31,32,32,54,0,16,20,38,0,43,47,15,38,0,0,0
10,5,2,0,0,33,19,28,32,0,0,46,48,34,33,0,0,28,46,0,29,30,29,0,31,0,27,31,0,28,0,0,0,30,0,12,0,45,32,31,0,19,0,0,0,0,0,48,0,48,34,0,30,45,30,0,11,35,27,30,29,48,0,15,13,34,0,0,32,45,0,13,39,28,0,0,0,48,30,0,31,32,32,49,0,16,20,30,0,35,48,15,45,0,0,0
10,5,3,0,0,45,0,36,26,0,0,51,48,45,45,0,17,35,47,0,43,32,32,0,26,0,36,25,0,36,0,0,0,32,0,12,0,50,26,26,0,0,0,14,0,0,0,48,0,47,45,0,32,51,32,0,11,42,35,28,43,47,0,0,0,45,0,0,26,49,0,13,39,36,0,0,0,47,28,0,42,43,42,49,0,16,20,32,0,45,47,15,51,0,0,0
11,5,0,0,0,45,16,29,26,0,14,42,41,45,35,0,17,29,41,0,40,29,29,0,34,0,28,32,0,29,0,0,0,30,0,12,0,41,32,32,0,0,0,14,0,0,0,42,0,41,45,0,29,41,29,0,0,40,35,29,40,41,0,12,0,45,0,0,33,41,0,13,50,29,0,0,0,41,38,0,40,40,41,50,0,16,0,30,0,45,41,0,42,0,0,0
11,5,1,0,0,37,16,27,27,0,14,46,41,37,35,0,0,26,42,0,31,31,30,0,28,0,27,27,0,27,0,0,0,31,0,12,0,45,28,27,0,0,0,0,0,0,0,41,0,41,37,0,31,45,30,0,0,33,27,27,31,41,0,12,0,35,0,0,28,44,0,13,39,27,0,0,0,42,38,0,31,31,33,44,0,16,0,31,0,37,42,0,45,0,20,0
11,5,2,0,0,40,16,29,27,0,14,49,47,37,35,0,0,29,49,0,31,30,30,0,31,0,29,35,0,29,0,0,0,31,0,12,0,48,31,31,0,15,0,0,0,0,0,47,0,47,37,0,31,48,31,0,0,33,27,31,31,47,0,21,0,37,0,0,31,48,0,13,41,29,0,0,12,46,32,0,31,31,31,53,0,16,0,31,0,37,46,0,49,0,17,0
11,5,3,0,0,43,0,37,27,0,0,43,45,43,46,0,14,36,44,0,29,35,36,0,33,0,29,35,0,37,0,0,0,35,0,12,0,43,31,33,0,15,0,0,0,0,0,45,0,45,44,0,35,44,38,0,0,33,38,33,27,45,0,29,0,44,0,0,31,43,0,13,37,37,0,0,13,45,32,0,31,31,28,59,0,16,0,35,0,46,45,0,43,0,17,0
12,5,0,0,0,30,0,30,22,0,0,46,39,31,31,0,0,30,46,0,39,30,32,0,29,0,32,30,0,30,0,0,0,31,0,12,0,47,29,29,0,0,0,0,0,0,0,39,0,39,29,0,32,47,31,0,0,40,0,29,39,38,0,29,0,31,0,0,29,46,0,13,45,30,0,0,0,39,18,0,39,40,39,45,0,16,12,31,0,30,39,0,47,0,18,0
12,5,1,0,0,37,0,23,31,0,0,51,47,37,37,0,0,24,51,0,27,29,29,0,32,0,23,31,0,23,0,0,0,29,0,12,0,51,32,31,0,0,0,0,0,0,0,46,0,47,37,0,29,51,29,0,0,27,23,29,27,47,0,29,0,37,0,0,31,51,0,13,40,23,0,0,0,46,18,0,26,27,27,53,0,16,11,29,0,30,47,0,50,0,0,0
12,5,2,0,0,43,19,17,36,0,0,53,43,42,42,0,0,16,53,0,31,29,30,0,34,0,16,34,0,17,0,0,0,28,20,12,0,53,34,27,0,0,0,0,0,0,0,43,0,43,41,0,28,53,29,0,0,30,18,29,27,43,0,29,0,41,0,0,35,53,0,13,44,17,0,0,0,43,18,0,30,30,30,47,0,16,11,30,0,42,44,0,53,0,0,0
12,5,3,0,0,34,19,20,35,0,0,47,39,34,42,0,0,20,47,0,38,30,27,0,35,0,21,35,0,21,0,0,0,27,20,12,0,47,35,35,0,0,0,0,0,0,0,39,0,40,34,0,27,47,28,0,0,39,20,22,39,40,0,0,0,35,0,0,35,47,0,13,46,21,0,0,0,39,21,0,38,39,39,61,0,16,11,28,0,34,39,0,47,0,0,0
13,5,0,0,0,34,19,23,33,0,0,38,40,34,42,0,11,24,39,0,34,31,31,0,33,0,25,33,0,23,0,0,0,31,20,12,0,39,33,33,0,0,0,0,0,0,0,41,0,41,28,0,31,39,31,0,0,34,24,24,34,41,0,17,0,35,0,0,33,39,0,13,39,24,0,0,0,41,21,0,33,36,33,53,0,16,0,31,0,34,41,0,39,0,14,0
13,5,1,0,0,30,0,26,26,0,0,46,37,31,0,0,11,26,46,0,33,31,31,0,26,0,26,26,0,26,0,0,0,31,0,12,0,46,26,26,0,0,0,0,0,0,0,37,0,37,30,0,32,46,31,0,0,34,27,24,34,38,0,17,0,0,0,0,26,45,0,13,45,26,0,0,0,38,0,0,34,35,34,49,0,16,12,31,0,34,37,0,39,0,14,0
13,5,2,0,0,30,0,26,36,0,0,41,34,31,0,0,11,26,42,0,31,34,35,0,35,0,31,35,0,31,0,0,0,34,0,12,0,41,35,35,0,0,0,0,0,0,0,35,0,34,30,0,34,41,33,0,0,31,27,27,34,34,0,17,0,0,0,0,35,42,0,13,39,26,0,0,0,35,0,0,31,31,31,43,0,16,12,34,0,34,35,0,38,0,14,0
13,5,3,0,0,30,0,26,30,0,0,43,37,30,30,0,0,26,42,0,40,27,27,0,32,0,25,30,0,26,0,0,0,27,0,12,0,43,30,30,0,0,0,0,0,0,0,37,0,37,29,0,27,43,27,0,0,41,26,15,40,37,0,21,0,30,0,0,29,43,0,13,54,26,0,0,0,37,16,0,40,40,40,50,0,16,12,27,0,34,37,0,45,0,21,0
7,6,0,0,0,0,16,27,34,0,0,46,37,34,39,0,0,27,49,0,25,30,31,0,31,0,27,29,0,27,0,0,0,30,15,12,0,47,33,29,0,0,0,0,0,0,0,37,0,38,39,0,29,39,29,0,0,0,26,20,31,37,0,23,0,36,0,0,30,47,0,13,37,27,0,0,0,37,34,0,31,31,31,49,0,16,0,29,0,34,38,0,47,0,23,0
7,6,1,0,0,33,16,27,34,0,0,39,27,34,39,0,0,32,49,0,23,34,34,0,32,0,33,32,0,31,0,0,0,34,15,12,0,47,32,31,0,0,0,0,0,0,0,27,0,27,33,0,33,39,34,0,0,0,31,24,22,27,0,0,0,36,0,0,31,47,0,13,33,27,0,0,0,27,34,0,24,31,31,55,0,16,0,34,0,34,27,0,39,0,25,0
7,6,2,0,0,38,16,25,37,0,0,34,36,38,38,0,0,25,35,0,26,36,33,0,36,0,26,36,0,26,0,0,0,34,19,12,0,34,37,36,0,0,0,0,0,0,0,35,0,35,39,0,33,34,33,0,0,26,29,15,26,35,0,0,0,37,0,0,37,34,0,13,29,25,20,0,0,35,31,0,26,26,26,56,0,16,12,33,0,39,35,0,35,0,23,0
7,6,3,0,0,40,15,30,32,0,0,37,34,39,40,0,0,29,37,0,26,45,45,0,31,0,30,32,0,28,0,0,0,45,19,12,0,39,33,32,0,0,0,10,0,0,0,35,0,34,40,0,45,37,46,0,0,28,29,31,26,37,0,22,0,40,0,0,33,36,0,13,29,30,20,0,0,34,25,0,28,27,27,55,0,16,12,45,0,39,34,0,36,0,21,0
8,6,0,0,0,31,15,28,35,0,0,44,37,39,40,0,0,28,43,0,35,40,40,0,37,0,28,36,18,28,0,0,0,40,19,12,0,43,35,32,0,0,0,10,0,0,0,37,0,36,40,0,41,44,41,0,0,35,28,31,35,37,0,22,15,40,0,0,37,44,0,13,39,30,20,0,0,38,31,0,35,35,38,46,0,16,18,41,0,39,37,0,44,0,21,0
8,6,1,0,0,40,0,33,26,0,0,38,43,39,40,0,0,33,38,0,23,39,39,0,26,0,34,26,18,33,0,0,0,37,0,12,0,38,26,25,0,0,0,0,0,0,0,43,0,42,41,0,38,38,39,0,0,35,34,31,25,43,0,23,15,41,0,0,26,38,0,13,29,34,0,0,0,43,20,0,24,35,38,59,0,16,17,39,0,42,43,0,38,0,18,0
8,6,2,0,0,31,0,21,37,0,0,42,43,31,40,0,0,21,42,0,31,40,40,0,38,0,20,36,18,20,0,0,0,41,0,12,0,41,37,36,0,0,0,0,0,0,0,44,0,44,31,0,40,41,41,0,0,30,20,21,31,43,0,21,15,31,0,0,36,41,0,13,31,20,0,0,0,44,23,0,31,31,31,58,0,16,17,40,0,30,44,0,42,0,18,0
8,6,3,0,0,39,0,37,32,0,0,36,39,39,39,0,21,38,42,0,31,38,38,0,31,0,37,31,0,37,0,0,0,38,0,12,0,36,33,33,0,0,0,0,0,0,0,39,0,39,37,0,39,37,38,0,0,28,37,34,31,39,0,21,0,40,0,0,33,37,0,13,31,37,0,0,0,38,23,0,31,27,28,61,0,18,17,38,0,39,39,0,36,0,18,0
9,6,0,0,0,39,0,21,28,0,0,43,43,40,39,0,21,21,43,0,36,33,33,0,29,0,21,31,0,21,0,0,0,33,0,12,0,43,28,28,0,0,0,0,0,0,0,43,0,44,39,0,33,42,33,0,0,35,21,25,36,44,0,13,0,40,0,0,28,42,0,13,32,37,0,0,0,43,37,0,36,36,36,46,0,18,0,33,0,39,43,0,42,0,18,0
9,6,1,0,0,43,0,28,38,0,0,36,44,44,43,0,0,21,37,0,20,45,45,0,37,0,30,37,0,21,0,0,0,45,0,12,0,37,37,37,0,0,0,0,0,0,0,42,19,45,43,0,45,35,45,0,0,20,30,24,19,45,0,24,0,42,0,0,37,37,0,13,36,0,0,0,0,47,23,0,20,20,20,61,0,18,0,45,0,43,44,12,36,19,0,0
9,6,2,0,0,32,0,30,36,0,0,44,44,32,43,0,0,29,44,0,29,33,32,0,35,0,30,37,0,29,0,0,0,33,19,12,0,43,35,36,0,0,0,0,0,0,0,43,19,42,43,0,33,44,33,0,0,29,29,24,29,43,0,24,0,32,0,0,35,44,0,13,37,30,0,0,0,44,23,0,29,29,29,52,0,18,0,34,0,43,41,12,43,19,20,0
9,6,3,0,0,46,0,30,33,0,0,45,46,47,46,0,0,29,45,0,29,36,36,0,32,0,29,32,0,28,0,0,0,36,19,12,0,45,32,32,0,0,0,0,0,0,0,45,19,42,45,0,36,45,36,0,0,29,29,24,29,46,0,27,0,46,0,0,32,46,0,22,26,30,16,0,0,45,23,0,29,29,29,64,0,18,21,36,0,48,45,11,45,19,22,0
10,6,0,0,0,46,18,29,24,0,0,46,36,47,46,0,0,27,46,0,42,35,35,0,23,0,30,32,0,30,0,0,0,35,17,12,0,47,32,24,0,0,0,12,0,0,0,37,19,36,35,0,35,47,36,0,0,42,29,24,42,35,0,27,0,35,0,0,24,47,0,22,43,29,16,0,0,37,29,0,41,42,43,48,0,18,21,36,0,48,37,11,46,0,22,0
10,6,1,0,0,45,18,31,38,0,0,45,49,45,45,0,0,31,45,0,42,37,37,0,37,0,30,39,0,30,0,0,0,36,17,15,0,45,36,37,0,0,0,12,0,0,0,49,0,49,46,0,37,45,37,0,0,29,29,21,29,49,0,27,0,45,0,0,37,45,0,22,33,32,0,0,0,49,19,0,41,29,29,47,0,18,0,37,0,46,49,15,45,0,0,0
10,6,2,0,0,45,18,24,41,0,0,38,43,33,33,0,0,24,37,0,31,34,34,0,41,0,24,41,0,24,0,0,0,34,22,15,0,37,41,41,0,0,0,12,0,0,0,43,0,43,46,0,33,37,33,0,0,31,23,21,31,43,0,16,0,33,0,0,40,37,0,22,42,32,20,0,0,43,19,0,32,32,32,47,0,20,15,33,0,46,43,12,37,15,19,0
10,6,3,0,0,45,15,32,34,0,0,41,41,44,46,0,0,30,37,0,34,33,33,0,33,0,30,34,0,34,0,0,0,32,22,15,0,41,33,41,0,0,0,0,0,0,0,42,0,41,43,0,33,41,32,0,0,33,30,25,31,41,0,16,0,43,0,0,36,41,0,22,35,32,20,0,0,41,19,0,32,32,32,61,0,20,15,33,0,46,41,12,42,15,19,0
11,6,0,0,0,39,15,29,35,0,0,47,39,44,46,0,0,29,47,0,41,31,30,0,35,0,30,34,0,29,0,0,0,30,22,15,0,47,35,36,0,0,0,0,0,0,0,39,0,38,39,0,31,47,31,0,0,40,29,25,40,39,0,16,0,37,0,0,36,47,0,22,43,29,20,0,0,39,29,0,41,40,42,49,0,20,15,31,0,46,39,12,47,23,19,0
11,6,1,0,0,41,0,30,33,0,0,45,49,41,42,0,0,29,45,0,29,27,26,0,33,0,30,33,0,29,0,0,0,27,0,15,0,45,33,33,0,0,0,0,0,0,0,49,0,49,41,0,26,40,29,0,0,29,30,0,30,49,0,0,0,41,0,0,33,45,0,22,40,29,0,0,0,49,29,0,29,29,29,57,0,20,0,26,0,46,49,0,47,23,0,0
11,6,2,0,0,35,0,26,37,0,0,45,45,35,34,0,0,25,46,0,33,34,34,0,38,0,26,38,0,25,0,0,0,33,0,15,0,46,37,38,0,0,0,0,0,0,0,45,0,45,35,0,35,46,34,0,0,33,25,27,33,45,0,14,0,35,0,0,39,45,0,10,43,25,0,0,0,45,19,0,33,33,33,49,0,16,0,34,0,35,45,0,45,23,0,0
11,6,3,0,0,48,0,23,29,0,0,37,35,47,48,0,17,23,37,0,35,34,34,0,30,0,23,28,0,23,0,0,0,34,18,15,0,38,28,28,0,0,0,0,0,0,0,36,0,35,49,0,34,37,34,0,0,34,23,16,33,35,0,21,0,47,0,0,29,38,0,10,38,23,0,0,0,35,23,0,33,34,33,61,0,17,0,35,0,47,35,0,38,0,18,0
12,6,0,0,0,48,0,20,31,0,0,50,40,47,41,0,0,20,49,0,36,32,32,0,31,0,20,31,15,20,0,0,0,33,0,15,0,49,31,31,0,0,0,0,0,0,0,41,0,41,49,0,32,50,33,0,0,35,19,26,35,41,0,23,0,40,0,0,31,50,0,10,47,19,0,0,0,42,0,0,35,33,35,51,0,17,0,34,0,47,41,0,50,0,16,0
12,6,1,0,0,40,0,17,31,0,0,51,40,40,41,0,0,17,52,0,38,38,31,0,31,0,17,31,15,17,0,0,0,32,0,15,0,52,31,32,0,0,0,0,0,0,0,41,13,41,40,0,31,51,32,0,0,37,18,19,38,41,0,22,0,40,0,0,31,51,0,10,48,18,15,0,0,41,0,0,37,37,39,53,0,14,0,31,0,47,41,0,50,0,18,0
12,6,2,0,0,34,0,27,38,0,0,43,40,33,34,0,0,26,43,0,42,32,30,0,31,0,27,38,15,26,0,0,0,33,0,15,0,43,40,39,0,0,0,0,0,0,0,40,18,40,34,0,34,43,32,0,0,41,27,19,42,40,0,23,0,34,0,0,39,43,0,10,51,26,15,0,0,40,23,0,41,41,44,50,0,14,0,33,0,34,40,0,43,0,18,0
12,6,3,0,0,34,13,25,36,0,0,47,39,33,33,0,0,24,48,0,36,27,27,0,36,0,25,36,15,25,0,0,0,29,0,15,0,47,36,29,0,0,0,0,0,0,0,39,18,39,34,0,27,45,29,0,0,37,24,17,37,40,0,24,0,33,0,0,36,47,0,10,47,24,15,0,0,40,23,0,36,36,37,54,0,14,16,27,0,33,39,0,47,0,18,0
13,6,0,0,0,34,13,25,32,0,0,47,37,33,33,0,0,25,48,0,38,29,30,0,32,0,25,36,15,25,0,0,0,30,0,15,0,46,32,32,0,0,0,0,0,0,0,38,18,38,31,0,31,47,30,0,0,37,25,17,38,38,0,21,0,33,0,0,33,47,0,10,55,24,0,0,0,38,23,0,38,37,37,52,0,14,16,31,0,33,38,0,48,0,16,0
13,6,1,0,0,39,0,27,36,0,0,46,36,39,39,0,0,28,46,0,36,26,25,0,36,0,27,36,0,26,0,0,0,26,0,15,0,47,32,36,0,0,0,0,0,0,0,38,0,37,39,0,26,46,26,0,0,35,27,19,36,38,0,21,0,39,0,0,35,47,0,10,41,27,0,0,0,37,23,0,36,35,35,53,0,14,0,26,0,39,39,0,46,0,16,0
13,6,2,0,0,39,0,22,36,0,0,50,34,39,39,0,0,22,50,0,38,39,39,0,36,0,27,35,0,22,0,0,0,40,0,15,0,51,35,34,0,0,0,0,0,0,0,34,0,33,39,0,40,49,39,0,0,38,27,25,38,34,0,21,0,39,0,0,36,50,0,10,52,22,0,0,0,34,20,0,40,39,35,45,0,14,0,39,0,39,33,0,49,0,18,0
13,6,3,0,0,42,0,26,34,0,0,37,35,42,42,0,0,26,36,0,39,33,34,0,33,0,26,35,0,25,0,0,0,33,0,15,0,37,35,34,0,0,0,0,0,0,0,35,0,35,42,0,34,36,34,0,0,42,26,25,41,35,0,0,0,42,0,0,35,36,0,10,59,26,0,0,0,35,26,0,41,42,41,49,0,14,0,33,0,44,35,0,38,0,16,0
7,7,0,0,0,29,22,26,36,0,0,46,40,29,30,0,0,27,35,0,38,45,48,0,37,0,27,37,0,27,0,0,0,45,0,15,0,34,37,37,0,0,0,0,0,0,0,39,0,40,43,0,45,46,45,0,0,39,35,27,39,40,0,29,0,29,0,0,37,35,0,10,34,27,0,0,0,41,0,0,39,38,39,49,0,14,0,45,0,30,40,0,46,0,0,0
7,7,1,0,0,43,22,29,33,0,0,37,33,45,43,0,0,30,40,0,38,45,45,0,35,0,30,33,0,29,0,0,0,45,17,15,0,40,33,33,0,0,0,0,0,0,0,33,0,33,43,0,45,39,45,0,0,39,29,27,29,31,0,23,0,43,0,0,34,40,0,10,33,29,17,0,0,32,24,0,39,38,39,52,0,17,0,45,0,42,32,0,40,0,0,0
7,7,2,0,0,36,22,29,47,0,0,44,41,45,35,0,0,27,44,0,28,36,36,0,47,0,28,47,0,27,0,0,0,36,17,15,0,45,46,47,0,0,0,0,0,0,0,43,0,42,36,0,36,44,36,0,0,28,27,25,28,42,0,23,0,36,0,0,47,45,0,10,36,27,17,0,0,42,28,0,27,28,39,51,0,17,0,36,0,36,44,0,44,0,0,0
7,7,3,0,0,36,0,37,41,0,0,44,37,36,36,0,0,38,43,0,29,53,53,0,41,0,36,41,0,37,0,0,0,52,17,15,0,44,41,41,0,0,0,0,0,0,0,43,0,37,36,0,53,43,52,0,0,29,36,25,28,42,0,14,0,36,0,0,41,44,0,10,37,38,17,0,0,42,25,0,28,29,0,49,0,17,0,52,0,36,38,0,44,0,0,0
8,7,0,0,0,39,0,29,37,0,0,42,40,45,40,0,0,27,43,0,31,39,39,0,36,0,21,37,16,27,0,0,0,39,0,15,0,44,36,36,0,0,0,0,0,0,0,39,0,39,45,0,39,43,39,0,0,31,27,42,31,39,0,24,0,35,0,0,37,44,0,13,36,27,16,0,0,39,24,0,31,32,33,54,0,17,0,38,0,43,40,0,44,0,23,0
8,7,1,0,0,43,0,33,37,0,0,40,39,43,44,0,0,33,38,0,30,41,41,0,37,0,33,37,16,33,0,0,0,41,0,15,0,38,37,37,0,0,0,14,0,0,0,41,0,39,42,0,41,43,41,0,0,31,34,23,30,39,0,25,0,43,0,0,37,44,0,13,31,33,16,0,0,39,24,0,31,29,33,58,0,15,0,41,0,43,39,0,44,0,29,0
8,7,2,0,0,33,0,24,40,0,0,45,40,32,33,0,0,24,44,0,29,32,32,0,41,0,24,41,16,24,0,0,0,32,0,15,0,45,41,41,0,0,0,14,0,0,0,40,0,40,33,0,31,45,32,0,0,29,24,22,28,40,0,25,0,33,0,0,41,45,0,13,37,24,16,0,0,40,24,0,29,31,31,53,0,15,0,33,0,33,40,0,45,0,29,0
8,7,3,0,0,37,15,35,39,0,0,42,45,37,37,0,0,35,42,0,29,36,36,0,39,0,34,39,0,35,0,0,0,36,0,15,0,43,39,39,0,0,0,14,0,0,0,45,0,45,38,0,36,42,36,0,0,29,35,20,26,45,0,26,0,39,0,0,39,43,0,13,41,34,0,0,0,45,22,0,26,26,26,55,0,15,0,35,0,38,45,0,43,0,16,0
9,7,0,0,0,37,15,25,37,0,0,46,36,37,37,0,0,25,46,0,40,35,35,0,39,0,25,39,0,25,0,0,0,35,0,15,0,47,37,39,0,0,0,0,0,0,0,36,0,36,37,0,35,46,35,0,0,41,25,19,41,36,0,26,0,37,0,0,39,46,0,13,42,27,0,0,0,35,29,0,40,40,39,49,0,15,0,35,0,38,37,0,46,0,16,0
9,7,1,0,0,39,0,35,42,0,0,43,49,37,39,0,0,35,43,0,28,29,29,0,40,0,36,40,0,36,0,0,0,28,0,15,0,44,41,41,0,0,0,0,0,0,0,49,0,49,39,0,32,43,28,0,0,41,36,19,28,49,0,19,0,39,0,10,40,43,0,13,36,36,0,0,0,49,29,0,27,27,27,54,0,15,0,29,0,39,49,0,43,0,0,0
9,7,2,0,0,39,0,35,32,0,0,45,46,32,39,0,0,26,46,0,31,39,39,0,32,0,36,33,0,27,0,0,0,39,0,15,0,46,33,31,0,0,0,15,0,0,0,47,0,47,30,0,39,46,39,0,0,41,27,26,28,41,0,19,0,39,0,10,32,46,0,14,34,36,0,0,0,47,29,0,29,30,27,54,0,15,0,40,0,39,47,0,45,0,0,0
9,7,3,0,0,39,0,38,31,0,0,42,43,37,39,0,21,39,42,0,30,37,37,0,32,0,38,33,0,38,0,0,11,37,0,15,0,43,32,31,0,0,0,15,0,0,0,43,0,43,36,0,37,42,37,0,0,0,39,26,30,43,0,20,0,39,0,0,32,42,0,14,37,38,0,0,0,43,29,0,29,31,0,57,0,15,0,37,0,36,42,0,42,0,0,0
10,7,0,0,0,43,19,29,31,0,20,43,49,42,46,0,21,29,42,0,38,36,36,0,30,0,28,35,0,29,0,0,11,36,0,15,0,43,31,40,0,20,0,0,0,0,0,49,18,49,43,0,36,43,35,0,0,37,29,26,38,49,0,16,0,43,0,0,40,44,0,11,43,29,0,0,0,49,26,0,38,38,38,62,0,15,0,36,0,43,49,0,43,0,0,0
10,7,1,0,0,42,19,29,39,0,20,45,41,45,43,0,0,29,45,0,38,39,39,0,39,0,29,39,0,28,0,0,0,42,0,15,0,45,39,38,0,20,0,0,0,0,0,41,18,41,41,0,39,45,39,0,0,32,29,0,33,41,0,16,0,47,0,0,38,45,0,11,36,29,0,0,0,42,19,0,38,31,32,57,0,15,0,39,0,43,41,17,45,0,0,0
10,7,2,0,0,39,19,24,36,0,20,43,47,45,39,0,0,24,43,0,38,34,34,0,36,0,24,36,0,24,0,0,0,34,0,15,0,43,36,37,0,20,0,0,0,0,0,47,18,47,41,0,35,43,34,0,0,37,29,22,38,47,0,15,0,47,0,0,38,43,0,11,39,24,0,0,0,47,19,0,38,38,38,58,0,15,0,35,0,43,47,17,43,0,15,0
10,7,3,0,0,37,0,27,31,0,0,36,47,37,37,0,0,27,35,0,0,30,30,0,31,0,27,32,0,27,0,0,0,30,0,15,0,35,32,32,0,0,0,0,0,0,0,47,0,47,37,0,30,36,30,0,0,29,26,22,38,47,0,18,0,37,0,0,31,36,0,11,35,27,0,0,0,47,19,0,29,38,29,57,0,15,0,30,0,37,47,17,37,0,15,0
11,7,0,0,0,37,0,23,31,0,0,44,45,37,37,0,0,22,44,0,37,36,36,0,32,0,22,31,0,27,0,0,0,37,0,15,0,44,31,32,0,0,0,0,0,0,0,45,0,45,37,0,36,44,36,0,0,37,22,26,37,45,0,12,0,38,0,0,31,44,0,11,49,27,0,0,0,46,19,0,37,38,37,48,0,15,0,36,0,37,45,0,44,0,15,0
11,7,1,0,0,47,0,23,34,0,0,42,38,46,46,0,0,30,42,0,30,30,31,0,34,0,32,33,0,30,0,0,0,29,0,15,0,44,33,33,0,0,0,0,0,0,0,39,0,38,47,0,30,42,30,0,0,29,31,26,30,38,0,12,0,48,0,0,31,42,0,11,47,0,0,0,0,39,25,0,30,38,37,53,0,15,0,31,0,47,38,0,43,0,0,0
11,7,2,0,0,33,0,28,35,0,0,42,45,46,33,0,0,28,42,0,28,30,37,0,34,0,28,35,0,28,0,0,0,37,0,15,0,42,34,34,0,0,0,0,0,0,0,46,0,45,33,0,37,40,37,0,0,27,28,26,27,45,0,16,0,33,0,0,34,42,0,11,44,28,16,0,0,45,28,0,27,27,27,53,0,16,0,37,0,33,45,0,39,0,0,0
11,7,3,0,0,44,0,25,34,0,0,41,45,44,44,0,0,24,41,0,39,30,14,0,34,0,25,33,0,24,0,0,0,37,0,15,0,41,34,33,0,0,0,0,0,0,0,44,0,43,44,0,14,41,37,0,0,37,25,0,37,43,0,16,0,44,0,0,34,41,0,11,39,25,16,0,0,45,28,0,37,38,37,43,0,16,0,15,0,44,44,0,39,0,0,0
12,7,0,0,0,34,0,18,38,0,0,43,34,34,32,0,0,0,42,0,45,30,31,0,37,0,20,39,0,18,0,0,0,30,0,15,0,42,38,38,0,0,0,0,0,0,0,33,0,33,33,0,31,43,31,0,0,46,18,25,44,34,0,17,0,33,0,0,37,41,0,11,47,18,0,0,0,34,28,0,44,44,45,49,0,16,0,30,0,34,34,0,41,0,16,0
12,7,1,0,0,34,0,25,30,0,0,45,45,34,34,0,0,25,44,0,38,22,21,0,31,0,26,32,0,25,0,0,0,22,0,15,0,45,32,31,0,0,0,0,0,0,0,45,0,45,34,0,31,44,22,0,0,36,25,25,36,45,0,17,0,33,0,0,32,45,0,11,45,26,0,0,0,45,28,0,35,36,36,49,0,16,15,21,0,34,40,0,45,0,16,0
12,7,2,0,0,34,0,17,34,0,0,46,40,41,39,0,0,17,45,0,37,36,36,0,33,0,16,33,0,17,0,0,0,36,0,15,0,46,34,34,0,0,0,0,0,0,0,41,0,41,40,0,36,46,35,0,0,37,16,25,38,41,0,19,0,40,0,0,32,45,0,11,46,17,0,0,0,41,28,0,37,37,39,45,0,16,15,35,0,41,41,0,46,0,0,0
12,7,3,0,0,39,0,19,29,0,0,42,40,39,39,0,0,18,42,0,22,33,33,0,29,0,19,30,0,17,0,0,0,33,0,15,0,42,29,26,0,0,0,0,0,0,0,38,0,38,39,0,33,41,33,0,0,34,19,20,21,38,0,26,0,38,0,11,26,42,0,11,34,19,0,0,0,38,28,0,24,23,24,51,0,16,0,33,0,41,38,0,41,0,21,0
7,8,0,0,0,39,22,25,39,0,0,45,41,30,42,0,0,30,44,0,26,31,31,0,38,0,25,38,0,26,0,0,0,30,0,0,0,44,39,38,0,23,0,0,0,0,0,41,0,42,38,0,31,44,31,0,0,27,25,23,26,41,0,23,0,38,0,0,38,45,0,0,39,25,0,0,0,43,0,0,27,28,26,49,0,17,0,31,0,31,41,0,45,0,0,0
7,8,1,0,0,39,0,21,45,0,0,37,41,40,39,0,0,21,44,0,25,37,38,0,45,0,21,45,0,21,0,0,0,38,0,0,0,37,45,45,0,0,0,0,0,0,0,41,0,41,39,0,38,39,38,0,0,25,21,23,25,41,0,18,0,39,0,0,45,37,0,0,31,22,0,0,0,41,13,0,25,25,25,51,0,17,0,38,0,39,41,0,37,0,0,0
7,8,2,0,0,36,0,21,51,0,0,41,39,40,39,0,11,21,41,0,20,32,31,0,51,0,12,51,0,21,0,0,0,32,0,0,0,41,51,51,0,0,0,0,0,0,0,39,0,38,39,0,33,41,32,0,0,21,14,18,21,39,0,21,0,39,0,0,51,42,0,0,36,22,0,0,0,39,17,0,21,25,21,53,0,17,0,32,0,35,39,0,42,0,0,0
7,8,3,0,0,37,0,24,39,0,0,44,39,37,37,0,11,24,45,0,24,35,35,0,39,0,24,39,0,25,0,0,0,35,0,0,0,43,39,38,0,0,0,0,0,0,0,39,0,39,37,0,35,44,35,0,0,21,25,27,21,39,0,21,9,37,0,0,39,44,0,0,31,25,0,0,0,40,17,0,21,21,21,53,0,17,0,35,0,37,39,0,44,0,0,0
8,8,0,0,0,32,16,25,33,0,0,47,40,32,33,0,0,25,47,0,23,35,33,0,33,0,24,33,15,24,0,0,0,34,0,0,0,46,33,33,0,14,0,9,0,0,0,40,0,40,33,0,34,47,34,0,10,22,26,29,22,39,0,23,12,32,0,13,33,41,0,0,38,25,0,0,0,40,24,0,26,22,22,50,0,17,0,35,0,33,41,0,47,0,18,0
8,8,1,0,0,40,0,25,42,0,0,42,38,38,38,0,0,29,43,0,20,30,29,0,42,0,29,42,0,29,0,0,0,30,0,0,0,41,42,42,0,0,0,12,0,0,0,39,0,38,33,0,30,41,29,0,0,22,30,26,20,38,0,23,12,36,0,13,42,41,0,11,31,29,0,0,11,39,24,0,21,22,19,49,0,17,0,29,0,38,38,0,41,0,17,0
8,8,2,0,0,33,0,24,44,0,0,45,46,38,38,0,0,24,45,0,19,30,31,0,44,0,24,45,0,24,0,0,0,31,0,0,0,46,45,44,0,0,0,12,0,0,0,47,0,47,34,0,31,45,31,0,0,0,25,22,19,47,0,25,0,36,0,13,45,45,0,11,39,24,0,0,11,47,26,0,20,19,20,50,0,17,0,31,0,33,46,0,45,0,17,0
8,8,3,0,0,39,0,24,34,0,0,40,42,40,39,0,0,26,45,0,20,29,29,0,35,0,25,35,0,25,0,0,0,29,0,0,0,41,35,35,0,0,0,12,0,0,0,42,0,42,40,0,31,41,29,0,0,0,25,24,21,42,0,25,0,39,0,13,35,41,0,11,35,26,0,0,11,39,15,0,20,19,20,41,0,17,17,28,0,40,42,0,45,0,17,0
9,8,0,0,0,39,0,31,34,0,0,42,49,40,28,0,11,31,42,0,20,30,30,0,35,0,31,35,0,33,0,0,0,30,0,0,0,42,35,35,0,0,0,0,0,0,0,48,0,49,44,0,30,42,30,0,0,0,25,24,28,49,0,21,0,39,0,0,36,41,0,11,43,32,0,0,0,49,33,0,20,28,27,59,0,17,17,28,0,43,48,0,42,0,0,0
9,8,1,0,0,0,0,38,39,0,0,45,43,45,31,0,11,39,45,0,26,35,35,0,38,0,38,38,0,39,0,0,0,35,0,0,0,45,38,38,0,0,0,0,0,0,0,43,0,43,44,0,34,45,35,0,0,26,38,0,26,42,0,23,0,0,0,0,38,45,0,11,40,38,0,0,0,43,33,0,0,25,26,53,0,17,0,35,0,43,43,0,45,0,15,0
9,8,2,0,0,37,0,31,43,0,12,29,48,38,37,0,0,31,27,0,30,36,36,0,43,0,31,42,0,31,0,0,0,36,0,0,0,29,42,42,0,15,0,12,0,0,0,47,0,48,37,0,35,27,37,0,0,27,32,0,30,49,0,16,0,37,0,0,44,28,0,11,39,31,0,0,12,49,27,0,27,27,27,50,0,17,0,36,0,37,47,0,29,0,15,0
9,8,3,0,0,40,0,30,32,0,12,27,39,40,40,0,0,32,27,0,30,29,29,0,33,0,29,32,0,31,0,0,0,29,0,0,0,25,32,32,0,15,0,12,0,0,0,40,0,39,40,0,29,27,29,0,0,28,32,20,30,39,0,22,0,40,0,0,34,27,0,11,28,29,0,0,12,39,20,0,27,28,29,43,0,17,0,29,0,41,39,0,28,0,15,0
10,8,0,0,0,42,0,30,33,0,12,40,34,41,41,0,0,32,40,0,41,24,23,0,33,0,29,33,0,31,0,0,0,23,0,0,0,39,33,34,0,15,0,12,0,0,0,33,0,34,43,0,24,40,22,0,0,41,25,20,42,33,0,22,0,41,0,0,34,27,0,11,41,29,0,0,12,33,20,0,41,42,41,37,0,17,0,23,0,41,33,0,40,0,0,0
10,8,1,0,0,42,0,27,39,0,0,49,42,41,40,0,15,28,48,0,36,29,29,0,40,0,0,38,0,27,0,0,0,29,0,0,0,48,37,37,0,0,0,0,0,0,0,42,0,41,43,0,30,48,29,0,0,41,25,0,36,42,0,0,0,41,0,0,37,49,0,11,26,27,0,0,0,41,25,0,37,37,41,42,0,17,0,29,0,41,41,0,48,17,0,0
10,8,2,0,0,42,0,24,39,0,0,44,45,37,37,0,15,25,44,0,29,31,31,0,38,0,24,39,0,25,0,0,0,30,0,0,0,45,39,38,0,0,0,0,0,0,0,46,0,45,43,0,30,44,29,0,0,29,25,0,29,46,0,0,0,37,0,0,38,44,0,11,40,24,0,0,0,46,25,0,29,29,29,36,0,17,0,30,0,41,45,0,44,17,0,0
10,8,3,0,0,46,0,24,39,0,0,44,41,45,45,0,18,20,44,0,29,19,19,0,39,0,24,39,0,19,0,0,0,19,0,0,0,44,39,39,0,0,0,18,0,0,0,41,0,41,47,0,19,43,19,0,0,30,19,0,30,42,0,0,0,46,0,0,38,44,0,11,31,24,0,0,0,42,25,0,30,29,30,42,0,17,0,19,0,46,41,0,44,17,0,0
11,8,0,0,0,46,0,23,39,0,0,47,48,45,35,0,18,23,47,0,41,24,20,0,39,0,22,39,0,22,0,0,0,21,0,0,0,47,39,39,0,0,0,18,0,0,0,49,0,49,36,0,21,47,20,0,0,41,21,23,41,48,0,16,0,46,0,0,39,47,0,11,36,23,0,0,0,48,0,0,41,42,41,30,0,17,0,20,0,46,48,0,47,0,0,0
11,8,1,0,0,46,0,27,39,0,0,46,51,35,35,0,18,27,46,0,31,25,25,0,37,0,27,39,14,27,0,0,0,24,0,0,0,43,38,38,0,0,0,0,0,0,0,51,0,51,36,0,25,46,25,0,0,41,27,23,32,51,0,16,0,46,0,0,37,46,0,11,52,27,0,0,0,51,0,0,41,32,34,40,0,17,0,25,0,36,51,0,45,0,0,0
11,8,2,0,0,37,0,20,42,0,14,48,43,35,35,0,18,20,48,0,36,21,27,0,39,0,20,39,14,20,0,0,0,26,0,14,0,49,41,39,0,0,0,0,0,0,0,42,0,43,34,0,27,47,26,0,0,36,21,23,36,43,0,16,0,35,0,0,40,48,0,11,46,21,0,0,0,43,0,0,36,36,35,43,0,17,0,27,0,34,43,0,48,0,0,0
11,8,3,0,0,41,0,21,32,0,14,46,51,41,40,0,0,20,46,0,39,24,23,0,32,0,21,32,14,20,0,0,0,26,0,14,0,47,32,32,0,0,0,0,0,0,0,51,0,51,40,0,27,48,22,0,0,39,21,0,39,47,0,15,0,35,0,0,32,48,0,11,42,21,0,0,0,51,0,0,39,39,39,40,0,17,0,22,0,42,51,0,47,0,0,0
12,8,0,0,0,41,0,20,42,0,14,46,38,36,36,0,0,19,48,0,39,27,28,0,42,0,19,41,0,19,0,0,0,28,0,14,0,47,41,41,0,0,0,0,0,0,0,38,0,37,40,0,28,48,27,0,0,44,19,0,44,39,0,24,0,36,0,0,42,48,0,11,45,19,0,0,0,38,0,0,44,44,44,40,0,17,0,27,0,42,39,0,47,0,0,0
12,8,1,0,0,40,0,19,34,0,0,49,45,40,40,0,14,19,49,0,40,26,24,0,34,0,19,41,0,18,0,0,0,23,0,14,0,46,34,34,0,0,0,0,0,0,0,45,0,44,40,0,26,50,25,0,0,41,19,23,40,45,0,24,0,40,0,0,34,49,0,11,51,19,0,0,0,45,0,0,39,40,41,39,0,17,0,26,0,40,45,0,49,0,0,0
12,8,2,0,0,33,0,24,41,0,0,47,39,40,40,0,14,25,47,0,37,21,24,0,34,0,19,39,0,24,0,0,0,22,0,12,0,47,40,39,0,0,0,0,0,0,0,38,0,38,33,0,22,47,21,0,0,41,25,22,37,38,0,12,0,40,0,0,39,47,0,11,39,25,0,0,11,38,0,0,39,40,41,40,0,17,0,26,0,40,39,0,47,0,0,0
12,8,3,0,0,39,0,23,37,0,0,47,35,43,39,0,0,23,48,0,42,21,24,0,36,0,23,37,0,23,0,0,0,23,0,12,0,47,37,37,0,0,0,0,0,0,0,36,0,36,39,0,24,49,24,0,0,44,23,22,42,35,0,12,0,39,0,0,36,49,0,11,45,23,0,0,11,36,0,0,42,43,43,47,0,17,0,24,0,40,36,0,49,0,0,0
13,8,0,0,0,39,0,25,29,0,0,43,36,30,31,0,0,25,43,0,47,22,22,0,29,0,25,29,0,26,0,0,0,22,0,12,0,43,29,28,0,0,0,0,0,0,0,35,0,38,39,0,21,43,23,0,0,49,26,22,47,35,0,20,0,30,0,0,28,43,0,11,37,25,0,0,11,35,15,0,49,47,49,43,0,17,0,22,0,40,35,0,43,0,0,0
13,8,1,0,0,37,0,24,31,0,0,45,41,37,37,0,0,24,46,0,32,27,28,0,29,0,25,29,0,24,0,0,0,26,0,12,0,46,22,30,0,0,0,0,0,0,0,43,0,41,37,0,28,47,27,0,0,31,26,0,32,41,0,20,0,36,0,0,29,46,0,11,51,24,0,0,0,41,19,0,49,32,31,44,0,17,0,27,0,37,42,0,48,0,15,0
13,8,2,0,0,37,0,15,34,0,0,43,29,37,37,0,0,15,43,0,39,31,31,0,34,0,25,34,0,15,0,0,0,30,0,15,0,43,34,34,0,0,0,0,0,0,0,30,0,29,37,0,30,42,31,0,0,39,16,0,39,28,0,18,0,36,0,0,34,42,0,11,36,24,0,0,0,30,26,0,39,39,39,43,0,17,0,31,0,34,30,0,42,0,15,0
13,8,3,0,0,38,0,21,29,0,0,50,33,37,37,0,0,21,50,0,39,24,24,0,34,0,21,30,0,20,0,0,0,24,0,15,0,50,29,29,0,0,0,0,0,0,0,33,0,33,39,0,24,50,24,0,0,40,22,0,40,33,0,18,0,38,0,0,28,51,0,7,41,21,0,0,0,33,26,0,39,40,40,43,0,17,0,24,0,37,33,0,50,0,15,0
9,9,3,0,0,34,0,18,32,0,13,36,41,34,35,0,0,22,38,0,30,20,20,0,31,0,18,31,0,18,0,0,0,20,0,0,0,36,32,32,0,0,0,0,0,0,0,41,0,41,35,0,20,40,20,0,0,30,27,19,30,41,0,15,0,35,0,0,31,39,0,0,34,18,0,0,0,41,20,0,32,30,30,41,0,0,12,20,0,35,41,0,40,13,20,0
9,9,0,0,0,37,0,18,33,0,13,36,40,37,37,0,0,22,37,0,30,22,20,0,35,0,25,32,0,30,0,0,0,22,0,0,0,36,33,34,0,0,0,0,0,0,0,40,16,40,39,0,22,36,22,0,0,27,24,20,30,40,0,16,0,39,0,0,34,36,0,0,31,18,0,0,0,41,20,0,27,27,30,41,0,0,12,21,0,37,41,0,36,13,20,0
9,9,1,0,0,37,0,29,32,0,0,36,41,37,38,0,0,27,37,0,22,25,20,0,31,0,27,32,0,27,0,0,0,22,0,0,0,36,30,33,0,0,0,0,0,0,0,41,16,41,37,0,22,36,26,0,0,23,27,18,22,41,0,29,0,37,0,0,30,36,0,0,28,0,0,0,0,41,24,0,23,27,30,41,0,0,0,21,0,37,41,0,36,13,0,0
9,9,2,0,0,36,0,15,33,0,0,33,38,36,36,0,0,16,33,0,27,24,23,0,33,0,15,33,0,16,0,0,0,23,0,0,0,33,33,32,0,0,0,0,0,0,0,38,16,37,36,0,22,33,24,0,0,26,15,18,26,37,0,16,0,36,0,0,33,32,0,0,28,16,0,0,0,37,24,0,27,26,27,42,0,0,0,23,0,36,37,0,33,0,0,0
1,3,0,25,0,31,0,0,34,11,27,30,21,31,31,9,25,0,30,13,18,18,17,25,34,0,0,33,0,25,0,0,0,0,0,0,25,30,33,33,0,0,11,0,0,0,0,21,0,21,30,0,0,30,0,25,0,17,0,0,18,21,0,0,0,45,25,0,33,30,0,12,12,0,0,0,0,21,0,0,17,18,19,0,25,0,14,17,0,31,21,0,29,26,0,0
1,3,1,25,0,31,0,0,28,0,21,20,21,31,31,0,21,0,21,0,18,21,21,0,28,0,0,28,0,25,0,0,0,21,0,21,0,21,28,27,0,0,0,0,0,0,0,21,0,21,25,0,21,22,22,0,0,17,0,0,18,21,0,0,0,24,0,0,27,21,0,9,12,0,0,0,10,21,0,0,17,18,19,12,0,0,21,21,0,31,21,0,21,0,0,0
1,3,2,25,0,26,0,0,23,0,20,20,21,31,31,0,20,0,20,0,18,20,20,0,23,0,0,23,0,25,0,0,0,21,0,20,0,19,23,23,0,0,0,0,0,0,0,21,0,21,26,0,19,20,22,0,0,17,0,0,18,21,0,0,0,26,0,0,23,20,0,9,16,0,0,0,10,21,0,0,17,18,19,18,0,0,21,20,0,26,21,0,20,20,0,0
1,3,3,25,0,32,0,0,30,0,17,23,0,31,31,0,17,0,23,0,0,20,20,0,30,0,0,30,0,25,0,0,0,15,0,20,0,23,30,30,0,0,0,0,0,0,0,17,0,19,31,0,19,23,14,0,0,0,0,0,18,0,0,0,0,32,0,0,30,23,0,9,17,0,0,0,10,18,0,0,0,0,0,16,0,0,21,20,0,31,17,0,23,16,0,0
1,4,0,25,0,32,0,0,29,0,18,18,0,22,22,0,16,0,21,0,0,27,27,0,29,0,0,29,0,25,0,0,0,28,0,16,0,21,29,29,0,0,0,0,0,0,0,20,16,19,27,0,27,17,27,0,0,0,0,0,18,0,0,0,0,28,0,0,29,21,0,9,11,0,0,0,0,18,0,0,0,0,0,13,0,0,0,27,0,22,19,0,19,16,0,0
1,4,1,25,0,32,0,0,27,0,19,20,0,32,32,0,16,0,20,0,0,27,25,0,27,0,0,28,0,25,0,0,0,28,0,19,0,20,27,27,0,0,0,0,0,0,0,0,16,0,33,0,26,21,25,0,0,0,0,13,18,0,0,0,0,31,0,0,28,20,0,9,11,0,0,0,0,0,0,0,0,0,0,0,0,0,20,25,0,31,19,0,20,16,0,0
1,4,2,25,0,28,0,0,33,0,19,16,0,32,32,0,15,0,17,0,0,0,25,0,33,0,0,34,0,25,0,0,0,0,0,19,0,16,34,33,0,0,0,0,0,0,0,19,14,0,27,0,26,16,25,0,0,0,0,13,18,0,0,0,0,31,0,0,33,17,0,9,15,0,0,0,0,0,0,0,0,0,0,14,0,0,20,25,0,27,19,0,16,15,0,0
1,4,3,25,0,21,0,0,23,0,20,25,22,32,32,0,15,0,26,0,0,24,21,0,23,0,0,22,0,25,0,0,0,21,0,19,0,26,23,23,0,0,0,0,0,0,0,23,14,22,23,0,21,24,21,0,0,0,0,17,18,23,0,0,0,31,0,0,23,26,0,9,16,0,0,0,0,22,0,0,0,0,0,24,0,0,20,20,0,21,22,0,26,15,0,0
1,5,0,25,0,21,0,0,31,0,20,19,22,28,0,0,19,0,26,0,0,29,29,0,31,0,0,31,0,25,0,0,0,28,0,19,0,26,31,30,0,0,0,0,0,0,0,19,20,22,28,0,29,24,29,0,0,0,0,17,18,23,0,11,0,28,0,0,31,26,0,9,16,0,0,0,0,19,0,0,0,0,0,26,0,0,20,29,0,28,22,0,26,19,0,0
1,5,1,25,0,26,0,12,36,0,0,19,0,28,0,0,15,12,19,0,0,30,30,0,37,0,13,36,0,13,0,0,0,29,0,19,0,19,37,37,0,0,0,0,0,0,0,19,20,0,27,0,30,19,29,0,0,0,14,0,18,0,0,11,0,27,0,0,37,19,0,9,12,12,0,0,0,19,0,0,0,0,0,15,0,0,0,30,0,28,22,0,19,19,0,0
1,5,2,25,0,20,0,12,36,0,0,19,0,28,22,0,16,12,24,0,0,17,18,0,36,0,13,36,0,13,0,0,0,17,0,15,0,25,35,36,0,0,0,0,0,0,0,23,14,0,27,0,17,24,18,0,0,0,14,16,18,19,0,11,0,27,0,0,36,24,0,9,15,12,0,0,0,20,8,0,0,0,0,21,0,0,0,18,0,21,19,0,24,15,0,0
1,5,3,25,0,32,0,12,34,0,20,21,0,32,32,0,21,12,21,0,0,32,32,0,34,0,13,34,0,13,0,0,0,33,0,21,0,22,34,34,0,0,0,0,0,0,0,16,14,17,31,0,32,21,33,0,0,0,14,16,18,19,0,0,0,32,0,0,34,21,0,9,15,12,0,0,0,20,8,0,0,0,0,24,0,0,21,33,0,32,17,0,22,15,0,0
1,6,0,0,0,27,0,12,37,0,17,22,17,25,24,0,15,0,23,0,0,28,27,0,37,0,12,37,0,0,0,0,0,28,0,16,0,23,37,37,0,0,0,0,0,0,0,17,15,16,27,0,27,23,28,0,0,0,0,16,0,16,0,0,0,26,0,0,37,22,0,0,19,0,0,0,0,14,0,0,0,0,0,23,0,0,0,28,0,22,17,0,23,14,0,0
1,6,1,0,0,27,0,0,34,0,16,20,0,24,24,0,17,0,20,0,0,31,31,0,34,0,0,33,0,0,0,0,0,31,0,18,0,19,33,33,0,0,0,0,0,0,0,0,15,19,19,0,31,21,31,0,0,0,0,16,0,0,0,0,0,23,0,0,34,20,0,0,18,0,0,0,0,14,0,0,0,0,0,27,0,0,0,31,0,25,19,0,20,18,0,0
1,6,2,0,0,0,0,0,35,0,16,19,17,17,17,0,17,0,19,0,0,28,28,0,35,0,0,35,0,0,0,0,0,29,0,18,0,19,35,35,0,0,0,0,0,0,0,0,0,19,19,0,29,19,29,0,0,0,0,0,0,0,0,0,0,16,0,0,35,19,0,0,15,0,0,0,0,0,0,0,0,0,0,24,0,0,14,28,0,25,19,0,19,18,0,0
1,6,3,0,0,27,0,0,37,0,16,14,17,26,27,0,14,0,19,0,0,29,30,0,37,0,10,37,0,12,0,0,0,29,0,18,0,19,37,37,0,0,0,0,0,0,0,0,0,19,27,0,29,15,29,0,0,0,0,15,0,0,0,0,0,27,0,0,37,15,0,0,14,0,0,0,0,0,0,0,0,0,0,22,0,0,14,30,0,27,19,0,19,18,0,0
1,7,0,0,0,27,0,0,49,0,16,20,17,23,27,0,14,0,19,0,0,28,29,0,49,0,10,49,0,12,0,0,0,29,0,14,0,19,49,48,0,0,0,0,0,0,0,0,0,19,23,0,28,19,28,0,0,0,0,16,0,0,0,0,0,23,0,0,49,19,0,0,23,0,0,0,0,0,12,0,0,0,0,23,0,0,14,29,0,27,19,0,19,14,0,0
1,7,1,0,0,27,0,0,43,0,12,17,0,23,0,0,14,0,18,0,0,31,31,0,43,0,0,43,0,12,0,0,0,31,0,14,0,19,43,44,0,0,0,0,0,0,0,0,0,0,23,12,30,18,32,0,0,0,0,23,0,0,0,0,0,23,0,0,43,18,0,0,23,0,0,0,0,0,12,0,0,0,0,16,0,0,0,31,0,15,19,0,19,14,0,0
1,7,2,0,0,27,0,0,51,0,12,17,0,23,27,0,12,0,18,0,0,27,27,0,51,0,0,50,0,12,0,0,0,29,0,14,0,15,51,51,0,0,0,0,0,0,0,0,0,0,20,12,28,18,27,0,0,0,0,21,0,0,0,0,0,23,0,0,51,18,0,0,17,0,0,0,0,0,12,0,0,0,0,19,0,0,0,27,0,18,19,0,15,14,0,0
1,7,3,0,0,0,0,0,31,0,12,20,0,24,27,0,17,0,21,0,0,32,31,0,30,0,0,30,0,12,0,0,0,31,0,14,0,21,30,30,0,0,0,0,0,0,0,0,0,0,24,12,31,20,31,0,0,0,0,22,0,14,0,0,0,23,0,0,31,18,0,0,23,0,0,0,0,0,7,0,0,0,0,21,0,0,0,31,0,23,19,0,21,17,0,0
1,8,0,0,0,0,0,0,51,0,14,21,19,21,20,0,17,0,19,0,0,31,30,0,51,0,0,51,0,12,0,0,0,30,0,14,0,20,51,51,0,0,0,0,0,0,0,15,13,17,24,0,30,20,30,0,0,0,0,23,0,17,0,0,0,21,0,0,52,20,0,0,17,0,0,0,0,0,7,0,0,0,0,20,0,0,0,30,0,23,18,0,20,17,0,0
1,8,1,0,0,0,0,0,60,0,14,21,19,0,21,0,0,0,19,0,0,33,33,0,60,0,0,59,0,12,0,0,0,33,0,14,0,20,59,59,0,0,0,0,0,0,0,0,11,17,0,0,32,20,34,0,0,0,0,22,0,0,0,0,0,21,0,0,59,20,0,0,17,0,0,0,0,0,0,0,0,0,0,17,0,0,0,32,0,21,18,0,20,12,0,0
1,8,2,0,0,18,0,0,59,0,14,21,19,21,20,0,0,0,19,0,0,27,27,0,59,0,0,59,0,12,0,0,0,26,0,17,0,20,59,59,0,0,0,0,0,0,0,0,11,14,18,0,28,20,27,0,0,0,0,16,0,0,0,0,0,21,0,0,59,20,0,0,16,0,0,0,0,0,0,0,0,0,0,15,0,0,0,27,0,19,16,0,20,12,0,0
1,8,3,0,0,26,0,0,58,0,16,17,21,26,26,0,17,0,15,0,0,29,29,0,58,0,0,57,0,11,0,0,0,29,0,18,0,0,58,57,0,0,0,0,0,0,0,0,11,21,26,12,30,17,30,0,0,0,0,26,0,0,0,0,0,26,0,0,57,0,0,0,14,0,0,0,0,0,0,0,0,0,0,18,0,0,17,30,0,26,21,0,17,17,0,0
1,9,0,0,0,24,0,17,47,0,16,17,21,26,24,0,17,18,15,0,0,27,27,0,47,0,18,47,0,18,0,0,0,26,0,18,0,18,47,47,0,0,0,0,0,0,0,0,0,21,26,12,27,17,27,0,0,0,18,24,0,0,0,0,0,26,0,0,48,19,0,0,17,18,0,0,0,0,0,0,0,0,0,16,0,0,17,27,0,24,21,0,17,17,0,0
1,9,1,0,0,18,0,17,49,0,0,0,0,26,19,0,17,18,0,0,0,30,31,0,49,0,18,49,0,18,0,0,0,30,0,18,0,18,49,49,0,0,0,0,0,0,0,0,16,0,26,0,30,0,31,0,0,0,18,28,0,0,0,0,0,26,0,0,49,13,0,0,17,18,0,0,0,0,0,0,0,0,0,20,0,0,0,31,0,18,21,0,17,17,0,0
1,9,2,0,0,20,0,17,44,0,0,0,0,20,20,0,17,18,0,0,0,31,31,0,44,0,18,43,0,18,0,0,0,30,0,18,0,18,44,43,0,0,0,0,0,0,0,0,16,0,26,0,31,0,31,0,0,0,18,24,11,0,0,0,0,20,0,0,43,13,0,0,17,18,0,0,0,0,0,0,0,0,0,20,0,0,0,31,0,21,21,0,17,17,0,0
1,9,3,0,0,20,0,16,45,0,17,0,15,21,24,0,17,15,0,0,0,31,29,0,45,0,0,45,0,15,0,0,0,29,0,16,0,0,45,40,0,0,0,0,0,0,0,0,12,0,22,0,29,0,29,0,0,0,16,36,12,0,0,11,0,20,0,0,42,0,0,0,24,15,0,0,0,15,0,0,0,0,0,19,0,0,0,28,0,21,21,0,17,0,0,0
1,10,3,0,0,24,0,16,30,0,17,0,15,24,23,0,17,15,15,0,27,27,26,0,30,0,0,30,0,26,0,0,0,25,0,16,0,16,30,33,0,0,0,0,0,0,0,0,12,0,22,0,26,0,27,0,0,0,25,44,27,0,0,16,0,24,0,0,30,0,0,0,24,15,0,0,0,15,0,0,0,0,0,20,0,0,14,26,0,24,21,0,17,0,0,0
1,10,0,0,0,27,0,18,34,0,13,0,0,27,27,0,12,18,15,0,20,27,28,0,34,0,18,34,0,19,0,0,0,27,0,16,0,16,34,34,0,0,0,0,0,0,0,0,0,0,26,0,27,0,27,0,0,21,18,31,21,0,0,15,0,27,0,0,34,0,0,0,16,18,0,0,0,0,0,0,20,21,21,20,0,0,14,27,0,28,21,0,17,0,0,0
1,10,1,0,0,27,0,18,43,0,13,0,0,27,27,0,12,18,0,0,19,28,29,0,44,0,18,43,0,19,0,0,0,29,0,16,0,0,43,44,0,0,0,0,0,0,0,0,13,0,26,0,29,14,29,0,0,20,18,35,20,0,0,15,0,27,0,0,44,0,0,0,15,18,0,0,0,0,0,0,20,20,20,18,0,0,0,29,0,28,21,0,15,11,0,0
1,10,2,0,0,27,0,29,41,0,13,0,0,27,27,0,12,28,0,0,25,28,29,0,41,0,30,42,0,29,0,0,0,20,0,16,0,0,42,42,0,0,0,0,0,0,0,0,13,0,26,0,21,14,20,0,0,24,29,35,25,0,0,17,0,27,0,0,41,0,0,0,15,29,0,0,0,0,0,0,24,20,20,16,0,0,0,29,0,28,21,0,15,12,0,0
2,10,0,0,0,22,0,23,38,0,0,0,0,16,23,0,13,22,0,0,28,27,27,0,39,0,23,39,0,23,0,0,0,29,0,16,0,0,39,39,0,0,0,0,0,0,0,0,0,0,15,13,28,0,27,0,0,31,23,31,27,0,0,17,0,16,0,0,40,0,0,0,16,23,0,12,0,0,0,0,27,27,27,20,0,0,11,28,0,23,21,0,15,12,0,0
2,10,1,0,0,0,0,23,43,0,0,0,0,16,0,0,0,22,0,0,24,32,32,0,43,0,25,43,0,25,0,0,0,30,0,16,0,0,43,43,0,0,0,0,0,0,0,0,0,0,15,13,32,0,30,0,0,24,25,42,24,0,0,14,0,13,0,0,44,0,0,0,16,23,0,12,0,0,0,0,24,25,25,22,0,0,0,30,0,23,21,0,15,0,0,0
2,10,2,0,0,0,0,29,37,0,0,0,0,13,0,0,0,30,0,0,17,28,28,0,37,0,29,37,0,29,0,0,0,28,0,16,0,0,38,37,0,0,0,0,0,0,0,0,0,0,15,13,28,0,28,0,0,24,29,41,17,0,0,17,0,13,0,0,37,0,0,0,16,23,0,12,0,0,0,0,16,25,25,21,0,0,0,29,0,23,21,0,15,0,0,0
2,10,3,0,0,0,0,24,43,0,0,0,0,13,0,0,0,25,0,0,24,24,25,0,43,0,29,43,0,24,0,0,0,26,0,16,0,0,43,43,0,0,0,0,0,0,0,0,0,0,17,0,24,0,25,0,0,24,23,30,24,0,0,20,0,13,0,0,43,0,0,0,16,24,0,0,0,0,0,0,16,24,25,23,0,0,0,26,0,23,21,0,15,0,0,0
3,10,0,0,0,0,0,28,40,0,0,17,0,0,0,0,0,28,16,0,29,35,34,0,41,0,29,41,0,28,0,0,0,34,0,0,0,18,41,41,0,0,0,0,0,0,0,0,0,15,15,0,35,16,34,0,0,35,28,49,28,0,0,32,0,16,0,0,41,18,0,0,16,28,0,14,0,0,0,0,30,35,35,26,0,0,0,35,0,16,0,0,18,0,20,0
3,10,1,0,0,0,0,26,41,0,0,17,0,0,0,0,0,26,0,0,22,31,31,0,41,0,27,41,0,26,0,0,0,31,0,0,0,18,41,41,0,0,0,0,0,0,0,0,0,0,0,0,31,16,31,0,0,22,27,44,21,0,0,24,0,0,0,0,40,18,0,0,0,26,0,0,0,0,0,0,22,22,22,23,0,0,0,30,0,12,0,0,18,0,0,0
3,10,2,0,0,0,0,29,39,0,0,17,0,0,0,0,0,26,0,0,26,27,27,0,39,0,29,39,0,26,0,0,0,27,0,0,0,18,39,39,0,0,0,0,0,0,0,0,0,0,0,0,28,16,27,0,0,26,29,43,26,0,0,24,0,0,0,0,39,18,0,0,13,26,0,0,0,0,0,0,26,27,27,27,0,0,0,27,0,12,0,0,18,0,13,0
3,10,3,0,0,0,0,26,39,0,0,0,0,0,0,0,0,26,0,0,25,36,35,0,38,0,26,38,0,26,0,0,0,35,0,0,0,0,39,38,0,0,0,0,0,0,0,0,0,0,0,0,35,0,35,0,0,26,29,47,25,0,0,15,0,0,0,0,38,0,0,0,13,26,0,0,0,0,0,0,26,25,25,27,0,0,0,35,0,12,0,0,18,0,16,0
4,10,0,0,0,0,0,24,40,0,0,0,0,0,17,0,0,24,14,0,23,34,34,0,49,0,24,49,0,26,0,0,0,34,0,0,0,13,48,50,0,0,0,0,0,0,0,0,0,0,0,0,35,0,34,0,0,26,26,40,23,0,0,29,0,0,0,0,48,15,0,0,15,26,0,0,0,0,0,0,23,23,22,22,0,0,0,34,0,16,0,0,18,0,16,0
4,10,1,0,0,0,0,22,45,0,0,0,0,0,17,0,0,21,14,0,27,35,35,0,45,0,22,44,0,21,0,0,0,35,0,0,0,13,44,45,0,0,0,0,0,0,0,0,0,0,16,0,35,0,35,0,0,26,20,41,27,0,0,29,0,16,0,0,45,15,0,0,15,21,0,11,0,0,0,0,27,27,22,27,0,0,0,31,0,16,0,0,18,0,0,0
4,10,2,0,0,0,0,19,50,0,0,0,0,0,17,0,0,19,14,0,25,36,37,0,50,0,22,49,0,19,0,0,0,36,0,0,0,13,49,49,0,0,0,0,0,0,0,0,0,0,16,0,36,0,37,0,0,26,19,41,25,0,0,22,0,16,0,0,49,15,0,0,17,18,0,11,0,0,0,0,25,25,25,35,0,0,0,36,0,14,0,0,18,0,28,0
4,10,3,0,0,0,0,20,44,0,0,13,0,18,18,0,0,19,0,0,29,39,39,0,45,0,20,43,0,20,0,0,0,38,0,0,0,0,44,43,0,0,0,0,0,0,0,0,0,0,16,0,39,0,39,0,0,28,19,34,29,0,0,21,0,17,0,0,43,0,0,0,17,20,0,11,0,0,0,0,28,29,29,28,0,0,0,40,0,14,0,0,18,0,26,0
5,10,3,0,0,20,0,29,45,0,0,21,0,19,18,0,0,29,0,0,25,45,45,0,45,0,29,45,0,30,0,0,0,45,0,0,0,0,45,45,0,0,0,0,0,0,0,0,0,0,0,0,45,0,45,0,0,24,29,35,25,0,0,27,0,20,0,0,43,0,0,0,16,29,0,0,0,0,0,0,25,27,26,28,0,0,0,45,0,14,0,0,21,0,25,0
5,10,0,0,0,20,0,36,38,0,0,21,17,19,17,0,0,36,0,0,30,39,39,0,39,0,37,41,0,36,0,0,0,39,0,0,0,0,39,41,0,0,0,0,0,0,0,18,0,0,16,0,39,0,39,0,0,24,36,29,29,16,0,22,0,20,0,0,38,17,0,0,16,36,0,0,0,16,0,0,25,29,29,32,0,0,0,39,0,14,17,0,21,0,15,0
5,10,1,0,0,20,0,31,41,0,0,21,17,19,17,0,0,31,0,0,25,34,34,0,41,0,31,42,0,31,0,0,0,34,0,0,0,0,41,41,0,0,0,0,0,0,0,18,0,0,16,0,34,0,34,0,0,24,32,38,24,16,0,27,0,20,0,0,41,17,0,0,11,31,0,0,0,16,0,0,24,29,29,22,0,0,0,34,0,14,17,0,21,0,27,0
5,10,2,0,0,0,0,30,39,0,0,20,17,0,20,0,0,30,0,0,25,40,40,0,39,0,29,39,0,30,0,0,0,40,0,0,0,0,39,39,0,0,0,0,0,0,0,18,0,0,20,0,40,20,39,0,0,25,30,31,24,16,0,27,0,0,0,0,40,19,0,0,16,31,0,0,0,16,0,0,25,24,25,29,0,0,0,40,0,14,17,0,19,0,21,0
6,10,0,0,0,20,0,45,36,0,0,24,21,22,21,0,0,44,24,0,33,42,42,0,36,0,45,36,0,44,0,0,0,42,0,0,0,24,36,36,0,0,0,0,0,0,0,20,0,20,20,0,42,24,42,0,0,34,44,34,32,21,0,38,0,0,0,0,37,24,0,0,19,44,0,0,0,17,0,0,33,33,33,34,0,0,0,43,0,23,17,0,24,0,21,0
6,10,1,0,0,29,0,29,38,0,0,27,27,29,29,0,0,29,27,0,33,35,36,0,38,0,29,38,0,29,0,0,0,35,0,0,0,27,37,37,0,0,0,0,0,0,0,26,0,26,0,0,36,27,36,0,0,24,29,35,32,27,0,29,0,29,0,0,38,26,0,0,21,29,0,13,0,27,0,0,33,33,24,41,0,0,0,29,0,29,26,0,27,0,29,0
6,10,2,0,0,23,0,38,33,0,0,27,21,29,29,0,0,37,19,0,25,38,37,0,33,0,37,34,0,37,0,0,0,38,0,0,0,27,34,33,0,0,0,0,0,0,0,26,0,21,23,0,30,25,37,0,0,25,37,29,25,17,0,37,0,29,0,0,34,24,0,0,18,38,0,13,0,20,0,0,28,25,24,36,0,0,0,38,0,23,20,0,25,0,27,0
6,10,3,0,0,23,0,40,27,0,0,19,21,29,29,0,0,40,19,0,24,39,39,0,27,0,40,34,0,41,0,0,0,39,0,0,0,19,28,28,0,0,0,0,0,0,0,20,0,21,26,0,39,19,39,0,0,25,40,28,24,21,0,28,0,29,0,0,27,19,0,0,13,41,0,0,0,21,0,0,25,25,24,39,0,0,0,39,0,23,21,0,20,0,23,0
7,10,0,0,0,23,0,36,27,0,0,26,26,36,36,0,0,35,26,0,24,39,39,0,29,0,35,29,0,36,0,0,0,39,0,0,0,25,29,33,0,0,0,0,0,0,0,27,0,26,35,0,39,26,39,0,0,30,36,29,24,26,0,28,0,36,0,0,29,25,0,0,23,41,0,0,0,26,0,0,25,30,24,36,0,0,0,39,0,23,26,0,26,10,31,0
7,10,1,0,0,36,0,34,33,0,0,26,28,37,37,0,0,33,26,0,26,38,38,0,33,0,33,33,0,33,0,0,0,38,0,0,0,26,33,34,0,0,0,0,0,0,0,28,0,28,38,0,38,26,38,0,0,30,33,32,26,27,0,31,0,37,0,0,33,26,0,0,28,32,0,0,0,26,0,0,26,30,0,35,0,0,0,38,0,37,27,0,27,10,29,0
7,10,2,0,0,26,0,29,31,0,0,29,22,37,37,0,0,31,28,0,26,32,31,0,31,0,29,31,0,32,0,0,0,32,0,0,0,28,32,33,0,0,0,0,0,0,0,23,0,22,27,0,32,28,32,0,0,26,33,20,24,22,0,27,0,37,0,0,31,28,0,0,18,32,0,0,0,23,0,0,26,26,24,41,0,0,0,31,0,37,22,0,28,10,28,0
7,10,3,0,0,32,0,28,29,0,0,29,23,34,37,0,0,28,28,0,24,39,39,0,28,0,28,27,0,29,0,0,0,39,0,0,0,28,28,33,0,0,0,0,0,0,0,24,0,23,32,0,40,28,40,0,0,26,28,35,25,23,0,25,0,37,0,0,29,28,0,0,20,27,0,0,0,24,0,0,25,24,24,39,0,0,0,39,0,37,23,0,28,0,27,0
8,10,0,0,0,38,0,0,29,0,0,37,36,38,37,0,0,29,35,0,39,31,31,0,29,0,29,29,0,25,0,0,0,30,0,0,0,35,29,28,0,0,0,13,0,0,0,36,0,35,31,0,31,35,31,0,0,37,30,0,37,36,0,29,0,32,0,0,29,35,0,14,28,30,0,0,12,36,0,0,37,37,37,32,0,0,0,31,0,37,36,0,35,0,22,0
8,10,1,0,0,38,0,36,35,0,0,33,29,0,24,0,0,36,33,0,25,26,27,0,35,0,35,33,0,34,0,0,0,27,0,0,0,33,34,34,0,0,0,0,0,0,0,29,0,29,31,0,27,33,26,0,0,37,38,0,25,29,0,33,0,32,0,0,35,33,0,14,31,35,0,0,0,29,0,0,37,25,25,37,0,0,0,26,0,28,29,0,30,0,0,0
8,10,2,0,0,27,0,30,27,0,0,37,42,0,26,0,0,29,36,0,21,14,15,0,29,0,30,33,0,34,0,0,0,13,0,0,0,37,28,27,0,0,0,0,0,0,0,42,0,42,31,0,16,36,14,0,0,37,28,35,24,42,0,23,0,32,0,0,27,38,0,14,27,30,0,0,0,42,16,0,24,24,24,39,0,0,0,14,0,28,42,0,37,0,0,0
8,10,3,0,0,27,0,35,27,0,0,35,37,36,35,0,0,35,34,0,27,26,26,0,25,0,35,26,0,35,0,0,0,24,0,13,0,37,26,25,0,0,0,0,0,0,0,37,0,37,35,0,25,35,26,0,0,25,35,35,27,37,0,23,0,35,0,0,27,34,0,14,27,34,0,0,0,36,16,0,25,27,27,37,0,0,0,27,0,28,38,0,35,0,0,0
9,10,0,0,0,40,0,35,26,0,12,27,35,39,39,0,18,35,25,0,36,22,22,0,27,0,35,26,0,35,0,0,0,22,0,12,0,26,27,22,0,0,0,0,0,0,0,36,19,35,40,0,27,25,22,0,0,36,0,21,35,36,0,25,0,40,0,0,26,26,0,14,28,35,0,0,0,36,0,0,36,40,36,40,0,0,19,22,0,39,35,0,26,0,24,0
9,10,1,0,0,40,0,38,26,0,0,39,42,31,31,0,18,38,38,0,31,28,28,0,27,0,38,26,0,39,0,0,0,27,0,12,0,39,26,0,0,0,0,0,0,0,0,43,14,42,40,0,27,25,27,0,0,33,38,25,31,43,0,26,0,33,0,0,26,39,0,14,31,38,0,0,0,43,0,0,33,31,33,40,0,0,19,28,0,39,43,0,26,0,24,0
9,10,2,0,0,40,0,29,31,0,0,33,31,29,31,0,18,29,30,0,27,28,28,0,27,0,29,31,0,30,0,0,0,28,0,12,0,32,34,34,0,0,0,0,0,0,0,31,14,33,29,0,27,33,28,0,0,33,38,15,31,31,0,23,0,29,0,0,31,33,0,14,22,31,0,0,0,31,0,0,33,31,31,29,0,0,19,27,0,39,31,0,26,0,24,0
9,10,3,0,0,38,0,27,25,0,0,36,40,39,38,0,0,26,38,0,35,18,29,0,31,0,27,31,0,27,0,0,0,28,0,12,0,35,26,26,0,0,0,8,0,0,0,40,14,40,39,0,28,36,19,0,0,35,27,20,35,41,0,28,0,38,0,0,25,35,0,14,26,27,0,0,0,39,0,0,35,36,35,41,0,0,0,29,0,38,39,0,35,0,19,0
10,10,0,0,0,38,0,27,27,0,0,25,30,30,31,0,0,26,24,0,37,25,26,0,31,0,27,31,0,27,0,0,0,26,0,12,0,25,26,26,0,0,0,8,0,0,0,30,0,31,30,0,26,25,25,0,0,37,27,23,37,30,0,20,0,29,0,0,27,35,0,14,32,27,0,0,0,31,0,0,36,37,37,41,0,0,0,25,0,38,31,0,25,0,19,0
10,10,1,0,0,0,0,28,29,0,0,31,30,34,33,0,0,27,31,0,37,17,26,0,29,0,27,29,0,28,0,0,0,26,0,12,0,29,31,29,0,0,0,0,0,0,0,30,0,31,33,0,26,31,25,0,0,37,27,19,27,30,0,20,0,33,0,0,31,29,0,14,32,27,0,0,0,30,18,0,26,25,26,46,0,0,0,25,0,33,30,0,31,0,0,0
10,10,2,0,0,30,0,28,31,0,0,20,30,34,30,0,0,32,21,0,37,17,20,0,29,0,27,29,0,28,0,0,0,26,0,12,0,16,31,31,0,0,0,0,0,0,0,30,0,30,31,0,19,21,25,0,0,35,28,18,36,31,0,18,0,33,0,0,30,21,0,14,29,27,0,0,0,30,17,0,35,36,36,39,0,0,0,19,0,29,30,0,21,0,19,0
10,10,3,0,0,29,0,28,25,0,0,31,32,34,29,0,0,25,35,0,24,23,20,0,29,0,25,26,0,25,0,0,0,24,0,12,0,35,27,27,0,0,0,0,0,0,0,32,0,33,29,0,19,34,23,0,0,35,24,18,24,32,0,18,0,30,0,0,25,34,0,14,21,27,0,0,0,32,19,0,35,36,27,36,0,0,0,19,0,29,32,0,35,0,19,0
11,10,0,0,0,37,0,23,23,0,0,37,36,39,28,0,0,26,37,0,29,20,19,0,23,0,23,24,0,24,0,0,0,16,0,12,0,37,25,23,0,0,0,0,0,0,0,35,0,36,37,0,17,37,19,0,0,29,24,15,28,36,0,25,0,33,0,0,25,37,0,14,28,23,0,0,0,36,19,0,29,28,29,41,0,0,0,19,0,29,36,0,38,0,19,0
11,10,1,0,0,29,0,25,0,0,0,36,36,29,29,0,0,24,36,0,29,17,19,0,22,0,23,0,0,25,0,0,0,17,0,12,0,36,0,23,0,0,0,0,0,0,0,36,0,36,29,0,17,37,17,0,0,29,24,15,29,36,0,19,0,29,0,0,22,36,0,14,28,24,0,0,0,36,0,0,28,28,28,42,0,0,0,0,0,29,36,0,37,0,0,0
11,10,2,0,0,29,0,28,29,0,0,29,31,23,29,0,0,24,29,0,29,22,23,0,22,0,28,0,0,27,0,0,0,23,0,12,0,29,23,28,0,0,0,0,0,0,0,32,0,30,29,0,23,29,23,0,0,29,28,17,28,31,0,22,0,23,0,0,22,29,0,14,27,24,0,11,0,31,0,0,28,27,27,40,0,0,0,23,0,22,30,0,29,0,0,0
11,10,3,0,0,35,0,20,29,0,0,31,28,34,34,0,0,19,31,0,32,22,23,0,19,0,19,20,0,20,0,0,0,15,0,12,0,31,20,19,0,0,0,0,0,0,0,28,0,29,34,0,23,32,16,0,0,33,20,17,32,28,0,15,0,34,0,0,22,30,0,14,30,24,0,11,0,29,0,0,32,32,32,32,0,0,0,23,0,34,28,0,33,0,0,0
12,10,0,0,0,35,0,20,19,0,0,31,17,34,34,0,0,15,31,0,37,22,23,0,18,0,15,20,0,15,0,0,0,15,0,12,0,31,20,18,0,0,0,0,0,0,0,17,0,18,34,0,23,31,16,0,0,37,15,18,37,28,0,15,0,34,0,0,0,32,0,14,26,0,0,11,0,29,0,0,37,34,36,27,0,0,0,23,0,34,17,0,31,0,0,0
12,10,1,0,0,28,0,20,21,0,0,25,25,34,34,0,0,17,25,0,30,0,23,0,20,0,17,0,0,18,0,0,0,0,0,12,0,25,20,19,0,0,0,0,0,0,0,25,0,25,28,0,0,24,0,0,0,28,18,18,30,25,0,0,0,34,0,0,20,25,0,14,23,17,0,0,0,25,0,0,29,29,29,25,0,0,0,0,0,27,25,0,25,0,0,0
12,10,2,0,0,28,0,28,25,0,0,26,25,30,27,0,0,17,26,0,34,0,23,0,26,0,17,25,0,27,0,0,0,0,0,12,0,26,25,25,0,0,0,0,0,0,0,22,0,25,27,0,0,26,0,0,0,34,28,18,34,25,0,21,0,27,0,0,25,26,0,14,24,28,0,0,0,26,0,0,34,34,35,26,0,0,0,0,0,27,25,0,26,0,0,0
12,10,3,0,0,29,0,21,25,0,0,36,29,29,29,0,0,21,36,0,36,0,23,0,18,0,21,17,0,22,0,0,0,0,0,12,0,36,25,18,0,0,0,0,0,0,0,30,0,29,29,0,0,36,0,0,0,36,22,19,36,30,0,15,0,29,0,0,25,36,0,14,27,22,0,0,0,30,0,0,36,36,36,33,0,0,0,0,0,30,29,0,36,0,0,0
13,10,0,0,0,23,0,16,0,0,0,25,21,29,30,0,0,16,26,0,41,0,23,0,18,0,17,0,0,16,0,0,0,0,0,12,0,25,0,15,0,0,0,0,0,0,0,23,0,22,29,0,0,25,0,0,0,41,16,15,41,24,0,16,0,31,0,0,0,26,0,14,25,15,0,0,0,24,12,0,41,41,41,29,0,0,0,0,0,30,23,0,25,0,0,0
13,10,1,0,0,23,0,16,0,0,0,29,24,31,28,0,0,16,28,0,35,0,18,0,18,0,22,19,0,16,0,0,0,0,0,12,0,29,18,0,0,0,0,0,0,0,0,24,0,24,29,0,0,28,0,0,0,35,22,26,36,24,0,0,0,28,0,0,0,28,0,14,24,15,0,0,0,24,0,0,35,36,36,33,0,0,0,18,0,30,24,0,29,0,0,0
13,10,2,0,0,27,0,16,24,0,0,23,24,31,27,0,0,21,23,0,35,0,19,0,24,0,21,24,0,21,0,0,0,0,0,12,0,22,23,24,0,0,0,0,0,0,0,20,0,24,27,0,20,22,0,0,0,34,21,24,34,20,0,13,0,28,0,0,0,20,0,14,24,20,0,0,0,21,0,0,34,34,34,30,0,0,0,21,0,30,24,0,21,0,0,0
13,10,3,0,0,27,0,13,24,0,0,23,24,31,27,0,0,21,23,0,37,0,19,0,24,0,14,24,0,15,0,0,0,0,0,12,0,23,23,24,0,0,0,0,0,0,0,20,0,24,29,0,20,22,0,0,0,38,21,24,38,20,0,14,0,28,0,0,0,22,0,14,24,20,0,0,0,16,0,0,38,38,37,34,0,0,0,21,0,30,24,0,23,0,0,0
14,10,0,0,0,0,0,12,0,0,0,31,0,15,17,0,0,0,31,0,44,0,19,0,24,0,14,15,0,11,0,0,0,0,0,12,0,31,0,0,0,0,0,0,0,0,0,0,0,14,29,0,0,31,0,0,0,45,0,15,45,0,0,14,0,14,0,0,0,31,0,14,29,0,0,0,0,16,22,0,44,44,45,26,0,0,0,0,0,30,24,0,31,0,0,0
14,10,1,0,0,0,0,17,0,0,0,26,0,0,14,0,0,18,26,0,28,0,19,0,24,0,0,0,0,18,0,0,0,0,0,12,0,26,0,0,0,0,0,0,0,0,0,0,0,14,0,0,0,26,0,0,0,30,18,0,31,0,0,14,0,14,0,0,0,24,0,14,36,17,0,0,0,0,26,0,31,30,31,24,0,0,0,0,0,30,24,0,26,0,0,0
14,10,2,0,0,0,0,16,0,0,0,30,0,0,14,0,0,18,30,0,42,0,19,0,21,0,0,0,0,18,0,0,0,0,0,12,0,30,0,0,0,0,0,0,0,0,0,0,0,0,0,0,0,30,0,0,0,42,18,0,41,0,0,13,0,14,0,0,0,29,0,14,21,16,0,0,0,0,26,0,42,42,41,16,0,0,0,0,0,30,24,0,30,0,0,0
14,10,3,0,0,0,0,16,0,0,0,31,0,15,14,0,0,18,32,0,41,0,19,0,21,0,0,0,0,18,0,0,0,0,0,12,0,31,0,0,0,0,0,0,0,0,0,0,0,0,0,0,0,32,0,0,0,41,18,0,40,0,0,12,0,14,0,0,0,33,0,14,39,16,0,0,0,0,26,0,41,40,39,23,0,0,0,0,0,30,24,0,31,0,0,0
15,10,0,0,0,0,0,18,0,0,0,32,0,15,14,0,0,20,32,0,51,0,19,0,21,0,18,0,0,19,0,0,0,0,0,12,0,33,0,0,0,0,0,0,0,0,0,0,0,0,0,0,0,20,0,0,0,50,19,0,50,0,0,0,0,12,0,0,0,32,0,14,37,19,0,0,0,0,22,0,51,50,50,19,0,0,0,0,0,14,24,0,19,0,0,0
15,10,1,0,0,0,0,18,14,0,0,29,0,0,14,0,0,20,30,0,38,0,19,0,21,0,18,0,0,19,0,0,0,0,0,12,0,30,0,0,0,0,0,0,0,0,0,0,0,0,0,0,0,30,0,0,0,39,19,0,39,0,0,0,0,13,0,0,0,30,0,14,35,19,0,0,0,0,30,0,39,39,39,19,0,0,0,0,0,14,24,0,30,0,0,0
15,10,2,0,0,0,0,18,14,0,0,26,16,0,14,0,0,19,30,0,44,0,19,0,21,0,19,0,0,19,0,0,0,0,0,12,0,30,0,0,0,0,0,0,0,0,0,0,0,16,14,0,0,27,0,0,0,43,19,0,43,0,0,0,0,13,0,0,0,30,0,14,29,19,0,0,0,0,20,0,43,43,44,23,0,0,0,0,0,14,24,0,26,0,0,0
15,10,3,0,0,0,0,13,14,0,0,35,16,0,0,0,0,19,36,0,46,0,19,0,21,0,19,0,0,14,0,0,0,0,0,12,0,36,0,0,0,0,0,0,0,0,0,0,0,16,12,0,0,36,0,0,0,45,19,0,46,0,0,0,0,14,0,0,0,36,0,14,39,19,0,0,0,0,28,0,45,46,45,16,0,0,0,0,0,14,24,0,36,0,0,0
15,10,0,0,0,0,0,18,0,0,0,26,0,0,0,0,0,0,26,0,53,0,19,0,21,0,16,0,0,14,0,0,0,0,0,12,0,26,0,0,0,0,0,0,0,0,0,0,0,0,0,0,0,26,0,0,0,52,0,0,51,0,0,12,0,0,0,0,0,26,0,0,38,18,0,0,0,0,27,0,52,51,51,26,0,0,0,0,0,14,24,0,26,0,0,0
15,10,1,0,0,21,0,18,0,0,0,28,0,0,0,0,0,0,28,0,47,0,19,0,21,0,16,0,0,14,0,0,0,0,0,12,0,29,0,0,0,0,0,0,0,0,0,0,0,0,16,0,0,27,0,0,0,47,0,14,46,0,0,14,0,0,0,0,0,28,0,0,28,18,0,0,0,0,29,0,47,47,47,26,0,0,0,0,0,14,24,0,28,0,0,0
15,10,2,0,0,16,0,17,0,0,0,24,0,0,0,0,0,17,24,0,41,0,19,0,21,0,17,0,0,14,0,0,0,0,0,12,0,24,0,0,0,0,0,0,0,0,0,0,0,0,16,0,0,25,0,0,0,42,18,14,41,0,0,14,0,16,0,0,12,25,0,0,33,16,0,0,0,0,23,0,42,42,42,22,0,0,0,0,0,14,24,0,24,0,0,0
15,10,3,0,0,16,0,13,0,0,0,35,0,16,0,0,0,13,35,0,50,0,19,0,21,0,14,0,0,12,0,0,0,0,0,12,0,35,0,0,0,0,0,0,0,0,0,0,0,0,14,0,0,35,0,0,0,49,13,0,49,0,0,14,0,14,0,0,12,35,0,0,38,13,0,0,0,0,28,0,49,49,50,18,0,0,0,0,0,14,24,0,35,0,0,0
16,10,0,0,0,16,0,13,0,0,0,26,0,16,0,0,0,13,25,0,56,0,19,0,21,0,14,0,0,12,0,0,0,0,0,12,0,26,0,0,0,0,0,0,0,0,0,0,0,0,14,0,0,24,0,0,0,58,13,16,58,0,0,14,0,14,0,0,12,26,0,0,26,13,0,0,0,0,32,0,58,58,58,17,0,0,0,0,0,14,24,0,26,0,0,0
16,10,1,0,11,19,0,21,0,0,0,29,0,16,0,0,0,21,29,0,47,0,19,0,21,0,21,0,0,22,0,12,0,0,0,12,0,29,14,0,11,0,0,0,0,0,0,0,0,0,0,0,0,32,0,0,0,47,21,16,46,0,0,0,0,0,0,0,0,29,0,0,35,21,0,0,0,0,31,12,47,46,47,22,0,0,0,0,0,14,24,0,30,0,0,12
16,10,2,0,11,15,0,19,0,0,0,27,0,0,0,0,0,20,27,0,53,0,19,0,21,0,20,0,0,20,0,11,0,0,0,12,0,28,14,0,11,0,0,0,0,0,0,0,0,0,0,0,0,27,0,0,0,54,19,15,53,0,0,11,0,0,0,0,0,27,0,0,24,20,0,0,0,0,31,12,53,53,54,22,0,0,0,0,0,14,24,0,27,0,0,12
16,10,3,0,11,15,0,19,0,0,0,27,0,14,15,0,0,20,33,0,49,0,19,0,21,0,20,0,0,20,0,11,0,0,0,12,0,33,14,0,11,0,0,0,0,0,0,0,0,0,0,0,0,33,0,0,0,49,19,15,49,0,0,11,0,0,0,0,0,33,0,0,22,20,0,0,0,0,33,12,49,49,49,22,0,0,0,0,0,14,24,0,34,0,0,12
17,10,0,0,0,0,0,17,0,0,0,29,0,13,0,0,0,17,29,0,64,0,0,0,0,0,17,0,0,16,0,0,0,0,0,0,0,29,0,0,12,0,0,0,0,14,0,0,0,0,16,0,0,28,0,0,0,63,11,15,64,0,0,0,0,14,0,0,0,30,0,0,27,16,0,0,0,0,33,13,64,64,65,22,0,0,0,0,0,19,0,0,29,0,0,0
17,10,1,0,0,13,0,0,0,0,0,29,0,13,0,0,0,12,29,0,55,0,0,0,0,0,11,0,0,16,0,0,0,0,0,0,0,29,0,0,12,0,0,0,0,14,0,0,0,0,0,0,0,30,0,0,0,55,11,0,55,0,0,0,0,14,0,0,0,30,0,0,41,0,0,0,0,0,37,13,55,55,55,22,0,0,0,0,0,19,0,11,30,0,0,0
17,10,2,0,0,13,0,18,0,0,0,29,0,13,0,0,0,19,29,0,60,0,0,0,0,0,19,0,0,18,0,0,0,0,0,0,0,30,0,0,12,0,0,0,0,14,0,0,0,0,0,0,0,30,0,0,0,58,11,0,59,0,0,0,0,14,0,0,0,30,0,0,42,17,0,0,0,0,27,13,59,59,59,12,0,0,0,0,0,19,0,12,30,0,0,0
17,10,3,0,0,13,0,14,0,0,0,30,0,0,13,0,0,14,32,0,59,0,0,0,0,0,19,0,0,14,0,0,0,0,0,0,0,32,0,0,0,0,0,0,0,0,0,0,0,0,0,0,0,32,0,0,0,59,14,0,59,0,0,0,0,0,0,0,0,32,0,0,35,18,0,0,0,0,28,12,59,59,59,11,0,0,0,0,0,19,0,12,34,0,0,0
18,10,0,0,0,19,0,14,0,0,0,21,0,20,13,0,0,14,22,0,60,0,0,0,0,0,19,12,0,14,0,0,0,0,17,0,0,22,0,0,0,0,0,0,0,0,0,0,0,0,19,0,0,32,0,0,0,61,14,0,62,0,0,0,0,20,0,0,0,32,0,0,27,18,0,0,0,0,25,12,60,62,62,11,0,18,0,0,0,20,0,12,34,0,0,0
18,10,1,0,0,19,0,0,0,0,0,17,0,20,18,0,0,0,17,0,60,0,0,0,0,0,0,12,0,14,0,0,0,0,17,0,0,18,0,0,0,0,0,0,0,0,0,0,0,0,20,0,0,17,0,0,0,61,0,0,61,0,0,0,0,19,0,0,0,18,0,0,36,0,0,0,0,0,27,12,60,61,61,0,0,18,0,0,0,20,0,14,18,0,0,0
18,10,2,0,0,19,0,18,0,0,0,26,0,14,14,0,0,18,17,0,67,0,0,0,0,0,18,12,0,19,0,0,0,0,17,0,0,25,0,0,0,0,0,0,0,0,0,0,0,0,20,0,0,17,0,0,0,67,17,21,67,0,0,0,0,19,0,0,0,25,0,0,27,19,15,0,0,0,27,12,68,67,67,20,0,18,0,0,0,20,0,14,18,0,0,0
18,10,3,0,0,19,0,18,0,0,0,22,0,14,14,0,0,18,17,0,59,0,0,0,0,0,18,0,0,19,0,0,0,0,0,0,0,25,0,0,0,0,0,0,0,0,0,0,0,0,18,0,0,23,0,0,0,58,17,21,59,0,0,0,0,19,0,0,0,25,0,0,39,19,15,0,0,0,24,12,59,58,58,14,0,18,0,0,0,20,0,18,22,0,0,0
