X,Y,D,e8:ba:70:92:aa:b0,e8:ba:70:c2:41:93,e8:ba:70:61:07:00,dc:a5:f4:b8:73:84,e8:ba:70:61:25:51,e8:ba:70:61:07:04,58:35:d9:aa:99:e3,e8:ba:70:92:b3:24,e8:ba:70:c2:44:10,e8:ba:70:c2:4e:34,58:35:d9:aa:d5:e0,58:35:d9:aa:d5:e5,e8:ba:70:61:07:01,e8:ba:70:92:aa:b5,e8:ba:70:61:07:03,e8:ba:70:61:07:02,e8:ba:70:92:0b:85,58:35:d9:aa:d5:e2,e8:ba:70:61:25:55,e8:ba:70:92:b3:25,e8:ba:70:c2:41:95,e8:ba:70:9c:c7:30,e8:ba:70:92:0b:82,e8:ba:70:c2:4e:30,58:35:d9:aa:d5:e1,e8:ba:70:92:b3:22,e8:ba:70:c2:4e:33,14:dd:a9:70:cc:60,58:35:d9:aa:99:e1,e8:ba:70:92:aa:b3,e8:ba:70:92:0b:83,88:f0:77:ac:e1:f5,e8:ba:70:c2:44:35,e8:ba:70:c2:41:90,e8:ba:70:c2:44:34,e8:ba:70:c2:44:14,88:f0:77:ac:e1:f3,58:35:d9:aa:99:e2,e8:ba:70:c2:4e:32,e8:ba:70:92:b3:21,e8:ba:70:c2:44:15,e8:ba:70:92:0b:84,e8:ba:70:c2:4e:35,58:35:d9:aa:99:e5,14:dd:a9:70:e7:40,e8:ba:70:9c:c7:34,e8:ba:70:61:07:05,dc:a5:f4:b8:73:83,e8:ba:70:c2:41:92,e8:ba:70:c2:44:31,e8:ba:70:92:aa:b1,e8:ba:70:61:25:52,e8:ba:70:c2:44:32,e8:ba:70:c2:44:11,58:35:d9:aa:d5:e3,58:35:d9:aa:d5:e4,e8:ba:70:c2:44:33,88:f0:77:ac:e1:f0,e8:ba:70:92:aa:b2,48:ee:0c:ee:27:e4,dc:a5:f4:b8:73:82,30:f7:72:5c:ed:28,e8:ba:70:9c:c7:32,e8:ba:70:92:aa:b4,58:35:d9:aa:99:e0,e8:ba:70:c2:44:13,e8:ba:70:92:b3:23,00:26:52:db:01:b0,dc:a5:f4:b8:73:80,58:35:d9:aa:99:e4,88:f0:77:ac:e1:f1,e8:ba:70:61:25:54,dc:a5:f4:b8:73:85,e8:ba:70:61:25:53,88:f0:77:ac:e1:f4,00:19:5b:1f:fd:30,e8:ba:70:92:0b:81,e8:ba:70:c2:4e:31,e8:ba:70:92:b3:20,dc:a5:f4:b8:73:81,e8:ba:70:c2:41:94,e8:ba:70:9c:c7:33,e8:ba:70:61:25:50,e8:ba:70:9c:c7:35,00:26:5a:41:4e:88,e8:ba:70:c2:44:30,e8:ba:70:9c:c7:31,e8:ba:70:c2:44:12,e8:ba:70:c2:41:91,00:26:5a:41:4e:8a
11,10,0,0,-74,-75,-60,-80,-76,0,0,-65,-68,0,0,-74,0,-46,-76,0,0,-74,0,-74,-72,0,-68,0,0,-67,-74,0,0,0,0,-74,-74,-73,-65,0,0,-67,0,-65,0,-67,0,-55,-71,-40,-61,-74,0,0,-83,0,-65,0,0,-74,0,0,-50,-62,-76,-71,0,0,-64,0,0,-61,0,0,0,-61,0,0,-83,0,-67,0,-61,-74,-71,0,-71,-70,-74,-68,-65,-74,0
11,10,1,0,-68,-66,-60,-75,-65,0,0,0,-62,0,-86,-66,0,-65,-66,0,0,-76,0,-69,-75,0,-60,0,0,-62,-74,0,0,0,0,-69,-68,-70,0,0,0,-62,0,-65,0,-62,0,-55,-75,-65,-59,-68,-70,0,-75,-70,0,0,0,-69,0,0,0,-60,-76,-71,0,0,0,0,0,-59,0,0,-75,-60,-75,0,-83,0,-61,0,-61,-68,-71,-75,-71,0,-70,0,0,-67,-86
11,10,2,0,-80,-66,-66,-71,-74,0,0,0,-67,0,-86,-77,0,-74,-74,0,0,-71,0,-79,-80,0,-66,0,0,-67,-74,0,0,0,0,-78,-80,-78,0,0,0,-67,0,-65,0,-67,0,-59,-78,-74,-66,-79,-78,0,-70,-78,0,0,0,-77,0,0,0,-66,-81,-71,0,0,0,0,0,-65,0,0,-72,-68,-72,0,-83,0,-67,0,-65,-79,-79,-71,-78,-73,-78,0,0,-78,-86
11,10,3,0,-74,-67,-57,-71,-68,0,0,0,-61,0,-86,-68,0,-74,-67,0,0,-71,0,-74,-68,0,-61,0,0,-61,-74,0,0,0,0,-74,-74,-74,0,0,0,-61,0,-65,0,-61,0,-65,-70,-68,-57,-74,-78,0,-85,-69,0,0,0,-74,0,0,0,-56,-73,-70,0,0,0,0,0,-55,0,0,-86,-57,-72,0,0,0,-61,0,-57,-74,-70,-71,-66,-69,-74,-70,0,-74,-86
12,10,0,0,-73,-70,-66,-78,-76,0,0,0,-65,0,-86,-70,0,-69,-70,0,0,-78,0,-73,-71,0,-65,0,0,-65,0,0,0,0,0,-67,-74,-67,0,0,-93,-65,0,-65,0,-65,0,-63,-73,-70,-57,-73,-67,0,-78,-66,0,0,0,-67,0,0,0,-66,-74,-71,0,0,0,0,0,-55,-93,0,-79,-65,-77,0,0,0,-65,0,-57,-73,-71,-78,-72,-79,-67,-71,0,-73,0
12,10,1,0,-73,-67,-72,-81,-69,0,0,0,-67,0,-86,-69,0,-66,-73,0,0,-80,0,-73,-73,0,-68,0,0,-65,0,0,0,0,0,-72,-74,-72,0,0,-93,-68,0,-65,0,-65,0,-60,-73,-70,-72,-81,-72,0,-81,-72,0,0,0,-71,0,0,0,-72,-78,-72,0,0,0,0,0,-72,-93,0,-81,-72,-81,0,-82,0,-65,0,-72,-82,-73,-81,-73,-71,-72,-71,0,-79,0
12,10,2,0,-82,-76,-69,-75,-76,0,0,0,-70,0,-86,-75,0,-76,-76,0,0,-75,0,-81,-71,0,-70,0,0,-70,0,0,0,0,0,-73,-83,-73,0,0,0,-70,0,-65,0,-70,0,-57,-70,-75,-68,-82,-72,0,-76,-73,0,0,0,-74,0,0,-83,-69,-78,-68,0,0,0,0,0,-69,0,0,-75,-69,-75,0,-82,0,-71,0,-69,-81,-72,-75,-71,-68,-76,-71,0,-82,0
12,10,3,0,-83,-76,-67,-80,-76,0,0,0,-73,0,-86,-71,0,-71,-72,0,0,-75,0,-83,-76,0,-73,0,0,-73,0,0,0,0,0,-77,-83,-77,0,0,0,-72,0,-65,0,-73,0,-60,-76,-73,-68,-82,-77,0,-76,-76,0,0,0,-77,0,0,-83,-66,-73,-68,0,0,0,0,0,-65,0,0,-81,-67,-82,0,-82,0,-73,0,-67,-81,-76,-80,-75,-76,-77,-71,0,-83,0
13,10,0,0,-83,-65,-67,-80,-66,0,0,0,-73,0,-86,-71,0,-66,-65,0,0,-86,0,-83,-63,0,-74,0,0,-73,0,0,0,0,0,-78,-83,-77,0,0,0,-74,0,-65,0,-73,0,-73,-63,-67,-68,-82,-78,0,-76,-77,0,0,0,-77,0,0,-83,-75,-84,-63,0,0,0,0,0,-75,0,0,-81,-67,-82,0,0,0,-73,0,-67,-81,-62,-86,-63,-75,-77,-63,0,-83,0
13,10,1,0,0,-64,0,0,-66,0,0,0,-78,0,-86,-65,0,-64,-69,0,0,-78,0,-83,-67,0,-77,0,0,-78,-78,0,0,0,0,-73,0,-74,0,0,0,-77,0,-65,0,-77,0,-62,-71,-65,0,0,-75,0,-77,-74,0,0,0,-75,0,0,0,-73,-81,-71,0,0,0,0,0,-75,0,0,-78,-67,-77,0,0,0,-78,0,-71,-83,-71,-78,-71,-80,-72,-71,0,0,0
13,10,2,0,0,-64,0,-72,-66,0,0,0,-72,0,-86,-78,0,-78,-78,0,0,-71,0,-83,-61,0,-72,0,0,-72,-78,0,0,0,0,-71,0,-70,0,0,0,-72,0,-65,0,-72,0,-63,-62,-65,0,0,-72,0,-71,-72,0,0,0,-72,0,0,0,-73,-83,-61,0,0,0,0,0,-80,0,0,-71,-80,-71,0,0,0,-72,0,-71,-83,-63,-72,-62,-73,-71,-62,0,0,0
13,10,3,0,0,-67,0,-72,-65,0,0,0,-72,0,-86,-66,0,-66,-66,0,0,-71,0,-83,-66,0,-72,0,0,-73,-78,0,0,0,0,-78,0,-78,0,0,0,-73,0,-65,0,-72,0,-71,-67,-65,0,0,-78,0,-71,-78,0,0,0,-78,0,0,-90,-71,-86,-66,0,0,0,0,0,-80,0,0,-88,-80,-71,0,0,0,-73,0,-71,-83,-66,-87,-66,-76,-78,-67,0,0,0
14,10,0,0,0,-65,0,-72,-64,0,0,0,-75,0,-86,-65,0,-65,-64,0,0,-71,0,-83,-64,0,-74,0,0,-74,-82,0,0,0,0,-82,0,-78,0,0,0,-75,0,-65,0,-76,0,-67,-64,-65,0,0,-83,0,-71,-82,0,0,0,-84,0,0,-82,-73,-86,-65,0,0,0,0,0,-74,0,0,-88,-73,-71,0,0,0,-76,0,-71,0,-64,-87,-65,-74,-83,-64,0,0,0
14,10,1,0,0,-65,0,0,-64,0,0,0,-69,0,-86,-65,0,-65,-65,0,0,-71,0,-83,-68,0,-69,0,0,-74,-75,0,0,0,0,-82,-80,-82,0,0,0,-69,0,-65,0,-76,0,-64,-69,-65,0,-79,-82,0,-82,-82,0,0,0,-81,0,0,-87,-73,0,-69,0,0,0,0,0,-74,0,0,-82,-73,0,0,0,0,-76,0,0,-82,-69,-82,-69,-69,-81,-68,0,-79,0
14,10,2,0,0,-69,-73,-80,-68,0,0,0,-73,0,-86,-69,0,-71,-69,0,0,-80,0,-83,-63,0,-73,0,0,-73,-75,0,0,0,0,-82,-80,-83,0,0,0,-73,0,-65,0,-73,0,-74,-62,-68,-73,-79,-82,0,-82,-83,0,0,0,-81,0,0,-87,-73,0,-63,0,0,0,0,0,-74,0,0,-79,-73,-80,0,0,0,-73,0,0,-82,-62,-80,-63,-76,-83,-63,0,-79,0
14,10,3,0,0,-70,-72,-80,-70,0,0,0,-73,0,-86,-70,0,-71,-70,0,0,-80,0,-83,-64,0,-86,0,0,-73,-85,0,0,0,0,-82,0,-83,0,0,0,-73,0,-65,0,-84,0,-69,-64,-70,-73,0,-82,0,-82,-83,0,0,0,-81,0,0,0,-72,-86,-65,0,0,0,0,0,0,0,0,-83,-72,-80,0,0,0,-73,0,-72,0,-65,-80,-65,-73,-83,-64,0,0,0
15,10,0,0,0,-74,-87,-80,-74,0,0,0,-73,0,-86,-73,0,-74,-74,0,0,-88,0,-83,-57,0,-86,0,0,-73,-85,0,0,0,0,-83,0,-84,0,0,0,-73,0,-65,0,-84,0,-78,-57,-74,-73,0,-82,0,-82,-85,0,0,0,-82,0,0,-79,-72,-86,-57,0,0,0,0,0,0,0,0,-83,-72,-86,0,0,0,-73,0,-72,0,-58,-80,-57,-73,-83,-56,0,0,0
15,10,1,0,0,-74,-87,-86,-71,0,0,0,-82,0,-86,-72,0,-74,-72,0,0,-88,0,-83,-57,0,0,0,0,-83,-78,0,0,0,0,-85,0,-85,0,0,0,0,0,-65,0,-81,0,-72,-58,-74,-77,0,-85,0,-86,-84,0,0,0,-85,0,0,-79,0,0,-58,0,0,0,0,0,0,0,0,-85,-78,-86,0,0,0,0,0,0,-85,-57,0,-57,-69,-85,-58,0,0,0
15,10,2,0,-82,-74,-83,-81,-74,0,0,0,-79,0,-86,-72,0,-74,-72,0,0,-81,0,-83,-63,0,-79,0,0,-79,-85,0,0,0,0,-86,-82,-87,0,0,0,-79,0,-65,0,-80,0,-82,-64,-73,-77,-83,-86,0,-81,-85,0,0,0,-85,0,0,-79,-83,0,-64,0,0,0,0,0,-82,0,0,-81,-78,-80,0,0,0,-80,0,0,-85,-64,-81,-64,-74,-86,-64,0,0,0
15,10,3,0,-82,-75,-83,-81,-71,0,0,0,-79,0,-86,-71,0,-71,-70,0,0,-86,0,-83,-61,0,-79,0,0,-79,-85,0,0,0,0,-86,-82,-87,0,0,0,-79,0,-65,0,-80,0,-80,-61,-71,0,-83,-86,0,-81,-85,0,0,0,-85,0,0,-76,-83,0,-61,0,0,0,0,0,-82,0,0,-81,-89,-86,0,0,0,-80,0,0,0,-61,-81,-61,-74,-86,-61,0,0,0
19,2,0,-70,0,-76,0,0,-76,-88,0,-68,0,0,0,-77,-70,-75,-71,0,0,-82,-80,-59,-77,0,0,-84,-81,-85,0,0,-70,0,0,-80,0,0,-68,0,0,0,-80,-70,0,-81,0,-86,-78,-77,-78,0,0,-71,0,0,-69,0,0,0,0,-71,0,-72,0,-78,-70,0,-69,-80,-81,-73,0,0,0,-76,0,0,0,0,0,0,0,0,-79,0,-78,-62,0,-78,-68,0,-67
19,2,1,-70,0,-79,-73,0,-84,-88,0,-68,0,0,-77,-79,-70,-80,0,0,0,-82,-80,-59,-73,0,0,-84,-81,-85,0,0,-70,0,0,-80,0,0,-68,0,0,0,-80,-73,0,-81,0,-86,-73,-77,0,0,0,-71,0,0,-69,0,0,0,0,-71,-88,-73,0,-73,-70,0,-73,-80,-81,-73,-89,0,0,-73,0,0,0,0,0,0,-73,0,-73,0,-73,-61,0,-73,-68,0,-64
19,2,2,-70,0,-79,-73,0,-78,-88,0,-76,0,0,-77,-78,-71,-77,0,0,0,-82,-80,-59,-73,0,0,-83,-81,-85,0,0,-71,0,0,-80,0,0,-77,0,0,0,-80,-76,0,-81,0,-84,-73,-77,0,0,0,-71,0,0,-76,-83,0,0,0,-71,-85,-73,0,-70,-71,0,-76,-80,-81,-80,-89,0,0,-73,0,0,0,0,0,0,-80,0,-71,0,-71,-60,0,-71,-76,0,-67
19,2,3,-70,0,-81,-73,0,-81,0,0,-77,0,0,-77,-82,-70,-80,-80,0,0,-82,-83,-59,-67,0,0,-83,0,0,0,0,-71,0,0,-80,0,0,-76,0,0,0,-84,-77,0,-81,-87,-84,-67,-81,-72,0,0,-69,0,0,-77,-83,0,0,0,-70,-85,-72,0,-67,-70,0,-77,-84,0,-73,-89,0,0,-73,0,0,0,0,0,-83,-72,0,-67,0,-67,-62,0,-67,-77,0,-74
18,2,0,-70,0,-66,-73,0,-67,0,0,-69,0,0,-77,-67,-73,-67,-67,0,0,-82,-83,-59,-82,0,-86,0,-84,0,0,0,-74,0,0,-80,0,0,-69,0,0,0,-82,-68,0,-81,-87,0,-82,-67,-78,0,0,-74,0,0,-70,-83,0,0,0,-73,0,-72,0,-81,-70,0,-68,-84,0,-73,0,0,0,-78,0,0,0,0,0,-83,-72,0,-81,0,-81,-73,0,-82,-69,0,-73
18,2,1,-83,0,-68,-73,0,-68,-89,0,-69,0,0,-77,-67,-83,-69,-68,0,0,-82,-83,-59,-71,0,-86,0,-84,-81,0,-91,-74,0,0,-80,0,0,-69,0,0,0,-82,-68,0,-81,-87,-76,-70,-69,-78,0,0,-74,0,0,-80,0,-80,0,0,-83,0,-75,0,-71,0,0,-68,0,0,-73,0,0,0,-76,0,0,0,0,0,0,-76,0,-70,0,-70,-73,0,-70,-80,0,-80
18,2,2,-80,0,-71,-77,0,-71,-89,0,-69,0,0,-77,-69,-80,-70,-70,0,0,-82,-83,-59,-70,0,-86,0,-84,-81,0,-91,-80,0,0,-80,0,0,-69,0,-88,0,-82,-80,0,-81,-87,-76,-71,-70,-78,0,0,-74,0,0,-80,-83,-80,0,0,-83,-80,-76,0,-69,0,0,-68,0,0,-73,0,0,0,-77,0,0,0,0,0,0,-77,0,-68,0,-71,-59,0,-69,-80,0,-77
18,2,3,-79,0,-73,-77,0,-73,-89,0,-78,0,0,-77,-73,-76,-72,-72,0,0,-82,-83,-59,-78,0,0,0,0,-82,0,-91,-80,0,0,-80,0,0,-78,0,-91,0,0,-80,0,-81,-87,-76,-78,-73,-82,0,0,0,0,0,-77,-83,-80,0,0,-78,-80,-76,0,-78,-78,0,-75,0,-83,-73,0,0,0,-77,0,0,0,0,-80,0,-82,0,-78,0,-78,-59,0,-78,-80,0,-69
17,2,0,-79,0,-69,-74,0,-68,0,0,-78,-79,-78,-78,-69,-79,-68,-69,0,0,-82,-83,-59,-78,0,-79,-80,0,-79,0,0,-80,0,0,-80,0,0,-78,0,-87,-79,0,-74,0,-79,-87,-74,-78,-69,-73,0,0,0,0,0,-72,-83,-78,0,0,-79,-79,-74,0,-79,-79,0,-74,0,-83,-74,-87,0,0,-77,0,0,0,0,-82,0,-82,0,-78,0,-78,-57,0,-78,-73,0,-76
17,2,1,-79,0,-68,-74,0,-68,0,0,0,0,-78,-78,-68,-79,-68,-68,0,-79,-82,-83,-59,-78,0,0,-79,0,-82,0,-87,-79,0,0,-80,0,0,0,0,-87,0,0,-74,0,-83,-87,0,-78,-67,-73,0,0,-79,0,0,0,0,-78,0,0,-79,-79,-73,0,-77,-79,0,0,0,0,-73,-87,0,0,-73,0,0,0,0,-82,0,-73,0,-78,0,-78,-57,0,-78,0,0,-80
17,2,2,-79,0,-68,-70,0,-70,0,0,0,0,-78,-81,-71,-79,-73,-72,0,-79,-82,-83,-59,-72,0,0,-79,0,-82,0,-87,-79,0,0,-80,0,0,-84,0,-87,0,0,-74,0,-83,-87,-75,-73,-72,-70,0,0,-79,0,0,0,-80,-78,0,0,-80,-79,-69,0,-72,-79,0,-85,0,0,-69,-87,0,0,-70,0,0,0,0,-82,0,-69,0,-73,0,-72,-67,0,-72,-84,0,-73
17,2,3,-83,0,-69,-70,0,-69,-87,0,0,0,-78,-81,-69,-83,-73,-69,0,-79,-82,-83,-59,-74,0,0,-79,0,-82,0,-88,-82,0,0,-80,0,0,-84,0,-87,0,0,-74,0,-83,-87,-74,-74,-72,-74,0,0,-83,0,0,0,-80,-78,0,0,-82,-79,-69,0,-74,-81,0,-85,0,0,-69,-87,0,0,-75,0,0,0,0,-82,0,-74,0,-73,0,-74,-55,0,-74,-81,0,-85
16,2,0,-74,0,-65,-69,0,-67,-87,0,-82,-83,0,-81,-67,-74,-66,-66,0,0,-82,-83,-59,-83,0,-83,0,0,0,0,-88,-82,0,0,-80,0,0,-84,0,0,-83,0,-83,0,-83,-87,-73,-82,-66,-69,0,0,-83,0,0,0,-80,0,0,0,-76,0,-69,0,-74,-74,-87,-84,0,0,-69,-86,0,0,-75,0,0,0,0,0,0,-69,0,-81,0,-82,-55,0,-74,-81,0,-83
16,2,1,-74,0,-62,-69,0,-62,0,0,-82,-77,0,-81,-62,-83,-62,-62,0,0,-82,-83,-59,-75,0,-83,0,0,-77,0,0,0,0,0,-80,0,0,0,0,0,-83,0,-83,0,-79,-88,-74,-75,-62,-69,0,0,0,0,0,0,0,0,0,0,-76,-85,-70,0,-76,-74,-87,-84,0,0,-69,-86,0,0,-69,0,0,0,0,-78,0,-70,0,-75,0,-74,-51,0,-75,0,0,-86
16,2,2,-74,0,-70,-69,0,-69,0,0,-82,-76,0,-79,-70,-83,-71,-70,0,0,-82,-83,-59,-77,0,-77,0,0,-77,0,-86,0,0,0,-80,0,0,-83,0,0,-77,0,-83,0,-77,-88,-64,-77,-62,-70,0,0,0,0,0,0,-79,-79,0,0,-76,-85,-71,0,-77,-74,-87,-84,0,-85,-70,-86,0,0,-68,0,0,0,0,-77,0,-70,0,-77,0,-75,-62,0,-76,0,0,-81
16,2,3,0,0,-66,-69,0,-66,-84,0,0,-82,0,-79,-70,-83,-65,-67,0,-87,-82,-83,-59,-78,0,-83,0,0,-82,0,-86,0,0,0,-80,0,0,-83,0,0,-81,0,-83,0,-82,-88,-76,-78,-62,-70,0,0,0,0,0,0,-79,-79,0,0,0,-84,-73,0,-77,0,0,0,0,-85,-72,0,0,0,-68,0,0,0,0,-83,0,-73,0,-78,0,-78,-54,0,-81,0,0,-77
15,2,0,-74,0,-63,0,0,-63,0,0,0,-80,0,-79,-63,-74,-62,-63,0,0,-82,-83,-59,-77,0,-81,0,0,-80,0,0,-80,0,0,-80,0,0,0,0,0,-81,0,-83,0,-81,-85,-70,-77,-63,-70,-84,0,-73,0,0,0,0,0,0,0,-74,-85,-69,0,-76,-81,-81,0,0,-88,-69,0,0,0,-69,0,0,0,0,-80,0,-71,0,-77,0,-77,-59,0,-78,0,0,-81
15,2,1,-74,-76,-70,-69,0,-72,0,0,0,-80,-78,-79,-71,-74,-71,-71,0,-78,-82,-83,-75,-74,0,-81,0,0,-80,0,0,0,0,0,-80,-75,0,0,0,-88,-81,0,-83,0,-81,-85,-70,-74,-71,0,-75,0,-78,0,0,0,-79,-78,0,0,-74,-84,-69,0,-73,0,0,0,0,-88,-69,-88,0,0,-74,0,0,0,0,-80,0,-71,-75,-73,0,-74,-65,0,-73,0,-75,-83
15,2,2,-82,-76,-65,-63,0,-65,0,0,0,-79,-78,-79,-65,-74,-65,-65,0,-78,-82,-83,-75,-71,0,-80,0,0,-79,0,0,0,0,0,-80,-75,0,0,0,-88,-79,0,-83,0,-80,-85,-70,-72,-71,-63,-75,0,-78,0,0,0,-84,-78,0,0,-74,-88,-64,0,-72,-83,0,0,0,-88,-64,-88,0,0,-63,0,0,0,0,-80,0,-63,-75,-72,0,-71,-60,0,-71,0,-75,-76
15,2,3,-72,-76,-65,-69,0,-65,0,0,0,-79,-82,-83,-65,-72,-65,-65,0,-78,-82,-83,-75,-70,0,-80,0,0,-79,0,0,-71,0,0,-80,-75,0,0,0,-88,-79,0,-83,0,-80,-85,-77,-70,-71,-69,-75,0,-72,0,0,0,-84,-82,0,0,-70,-82,-69,0,-70,-83,0,0,0,0,-69,-88,0,0,-69,0,0,0,0,-80,0,-69,-75,-70,0,-70,-52,0,-69,0,-75,-79