X,Y,D,e8:ba:70:61:07:00,e8:ba:70:c2:41:92,e8:ba:70:61:25:54,e8:ba:70:c2:4e:32,e8:ba:70:61:25:50,e8:ba:70:61:25:53,e8:ba:70:9c:c7:33,e8:ba:70:9c:c7:35,e8:ba:70:c2:44:15,58:35:d9:aa:d5:e3,e8:ba:70:c2:44:12,e8:ba:70:61:07:03,58:35:d9:aa:d5:e5,e8:ba:70:61:07:02,58:35:d9:aa:99:e0,e8:ba:70:c2:44:35,e8:ba:70:c2:44:14,e8:ba:70:c2:4e:33,30:f7:72:5c:ed:28,e8:ba:70:c2:44:13,e8:ba:70:61:07:01,dc:a5:f4:b8:73:82,58:35:d9:aa:d5:e0,e8:ba:70:c2:44:31,58:35:d9:aa:d5:e2,14:dd:a9:70:e7:40,e8:ba:70:c2:41:95,e8:ba:70:c2:41:91,e8:ba:70:c2:4e:34,e8:ba:70:92:aa:b3,e8:ba:70:c2:41:93,58:35:d9:aa:d5:e4,58:35:d9:aa:99:e1,e8:ba:70:9c:c7:31,e8:ba:70:c2:44:33,e8:ba:70:c2:44:10,dc:a5:f4:b8:73:85,00:19:5b:1f:fd:30,e8:ba:70:61:07:04,e8:ba:70:9c:c7:32,58:35:d9:aa:99:e3,e8:ba:70:61:25:55,e8:ba:70:61:07:05,e8:ba:70:c2:41:90,e8:ba:70:c2:4e:30,e8:ba:70:c2:4e:35,00:26:5a:41:4e:88,58:35:d9:aa:d5:e1,e8:ba:70:c2:41:94,e8:ba:70:61:25:52,dc:a5:f4:b8:73:81,e8:ba:70:c2:4e:31,e8:ba:70:61:25:51,58:35:d9:aa:99:e2,00:26:5a:41:4e:8a,e8:ba:70:c2:44:11,14:dd:a9:70:cc:60,dc:a5:f4:b8:73:80,e8:ba:70:9c:c7:30,e8:ba:70:c2:44:34,e8:ba:70:9c:c7:34,48:ee:0c:ee:27:e4,e8:ba:70:c2:44:32,dc:a5:f4:b8:73:83,dc:a5:f4:b8:73:84,58:35:d9:aa:99:e4
1,2,0,0,0,0,0,0,0,0,0,0,-72,0,0,-72,0,0,0,0,0,0,0,0,0,-69,0,-68,0,0,0,0,0,0,-69,0,0,0,0,0,0,0,0,0,0,0,0,0,0,0,-68,0,0,-73,0,0,0,0,0,0,0,0,0,0,0,0,-78,0,0
1,2,1,0,0,0,0,0,0,0,0,0,-72,0,0,-72,0,0,0,0,0,0,0,0,0,-69,0,-71,0,0,0,0,0,0,-69,0,0,0,0,0,0,0,0,0,0,0,0,0,0,0,-70,0,0,-69,0,0,0,0,0,0,0,0,0,0,0,0,-78,0,0
1,2,2,0,0,0,0,0,0,0,0,0,-72,0,0,-72,0,0,0,0,0,0,0,0,0,-79,0,-75,0,0,0,0,0,0,-76,0,0,0,0,0,0,0,0,0,0,0,0,0,0,0,-70,0,0,-69,0,0,0,0,0,0,0,0,0,0,0,0,-78,0,0
1,2,3,0,0,0,0,0,0,0,0,0,0,0,0,0,0,0,0,0,0,0,0,0,0,-79,0,-78,0,0,0,0,0,0,-76,0,0,0,0,0,0,0,0,0,0,0,0,0,0,0,-70,0,0,-69,0,0,0,0,0,0,0,0,0,0,0,0,-78,0,0
2,2,0,0,0,0,0,0,0,0,0,0,0,0,0,0,0,0,0,0,0,0,0,0,-72,0,0,-80,-89,0,0,0,0,0,-70,0,0,0,0,-71,0,0,0,0,0,0,0,0,0,0,0,0,0,-72,0,0,0,0,0,0,-71,0,0,0,0,0,-70,-72,0
2,2,1,0,0,0,0,0,0,0,0,0,0,0,0,0,0,0,0,0,0,0,0,0,-72,0,0,0,-89,0,0,0,0,0,-70,0,0,0,0,-71,0,0,0,0,0,0,0,0,0,0,0,0,0,-72,0,0,0,0,0,0,-71,0,0,0,0,0,-70,-72,0
2,2,2,0,0,0,0,0,0,0,0,0,0,0,0,0,0,0,0,0,0,0,0,0,-72,0,0,0,-81,0,0,0,0,0,-70,0,0,0,0,-75,0,0,0,0,0,0,0,0,0,0,0,0,0,-72,0,0,0,0,0,0,-71,0,0,0,0,0,-70,-76,0
2,2,3,0,0,0,0,0,0,0,0,0,0,0,0,0,0,0,0,0,0,0,0,0,-75,0,0,-82,-81,0,0,0,0,0,0,0,0,0,0,-75,0,0,0,0,0,0,0,0,0,0,-83,0,0,0,0,0,0,0,0,0,-73,0,0,0,0,0,-70,-74,0
3,2,0,0,0,0,0,0,0,0,0,0,0,0,0,0,0,0,0,0,0,0,0,0,-79,0,0,0,0,0,0,0,0,0,0,0,0,0,0,0,0,0,0,0,0,0,0,0,0,0,0,0,0,-81,0,0,0,0,0,0,-79,0,0,0,0,0,-70,-78,0
3,2,1,0,0,0,0,0,0,0,0,0,0,0,0,0,0,0,0,0,0,0,0,0,-74,0,0,0,0,0,0,0,0,0,0,0,0,0,0,0,0,0,0,0,0,0,0,0,0,0,0,0,0,-74,0,0,0,0,0,0,-75,0,0,0,0,0,-73,-74,0
3,2,2,0,0,0,0,0,0,0,0,0,0,0,0,0,0,0,0,0,0,0,0,0,-74,0,0,-80,0,0,0,0,0,0,-82,0,0,0,0,0,0,0,0,0,0,0,0,0,0,-90,-78,0,0,-74,0,0,0,0,0,0,-74,0,0,0,0,0,-73,-74,0
3,2,3,0,0,0,0,0,0,0,0,0,0,0,0,0,0,-89,0,0,0,0,0,0,-77,0,0,-85,-86,0,0,0,0,0,-82,0,0,0,0,-77,0,0,0,-87,0,0,0,0,0,-91,-78,0,0,-74,0,0,0,0,0,0,-77,0,0,0,0,0,-73,-77,0
4,2,0,0,0,0,0,0,0,0,0,0,0,0,0,0,0,-89,0,0,0,0,0,0,-77,0,0,-85,-86,0,0,0,0,0,0,0,0,0,0,-73,0,0,0,-87,0,0,0,0,0,-91,0,0,0,0,0,0,0,0,0,0,-73,0,0,0,0,0,-73,-73,0
4,2,1,0,0,0,0,0,0,0,0,0,0,0,0,-77,0,0,0,0,0,0,0,0,0,-80,0,0,0,0,0,0,0,0,-78,0,0,0,0,-73,0,0,0,0,0,0,0,0,0,0,0,0,0,0,0,0,0,0,0,0,-73,0,0,0,0,0,-73,-73,0
4,2,2,0,0,0,0,0,0,0,0,0,0,0,0,-77,0,0,0,0,0,0,0,0,0,-80,0,0,-79,0,0,0,0,0,-78,0,0,0,0,-73,0,0,0,0,0,0,0,0,0,0,0,0,0,0,0,0,0,0,0,0,-73,0,0,0,0,0,-73,-73,0
4,2,3,0,0,0,0,0,0,0,0,0,0,0,0,-77,0,0,0,0,0,0,0,0,-68,-80,0,0,-81,0,0,0,0,0,-78,0,0,0,0,-69,0,0,0,0,0,0,0,0,0,0,0,0,0,-68,0,0,0,0,0,0,-69,0,0,0,0,0,-76,-69,0
5,2,0,0,0,0,0,0,0,0,0,0,-77,0,0,-76,0,0,0,0,0,0,0,0,-68,-77,0,0,-81,0,0,0,0,0,0,-92,0,0,0,-69,0,0,0,0,0,0,0,0,0,0,0,0,0,-68,0,0,0,0,0,0,-69,0,0,0,0,0,-76,-69,0
5,2,1,0,0,0,0,0,0,0,0,0,-77,0,0,-76,0,0,0,0,0,0,0,0,-75,-77,0,0,0,0,0,0,0,0,0,-92,0,0,0,0,0,0,0,0,0,0,0,0,0,0,0,0,0,0,0,0,0,0,0,0,0,0,0,0,0,0,-76,-76,0
5,2,2,0,0,0,0,0,0,0,0,0,-77,0,0,-76,0,0,0,0,0,0,0,0,-77,-77,0,0,0,0,0,0,0,0,0,-92,0,0,0,0,0,0,0,0,0,0,0,0,0,0,0,0,0,0,0,0,0,0,0,0,-77,0,0,0,0,0,-76,-76,0
5,2,3,0,0,0,0,0,0,0,0,0,-77,0,0,-76,0,0,0,0,0,0,0,0,-78,-77,0,0,-80,0,0,0,0,0,0,-92,0,0,0,-77,0,0,0,0,0,0,0,0,0,0,0,0,0,-80,0,0,0,0,0,0,-77,0,0,0,0,0,-76,-79,0
6,2,0,0,0,0,0,0,0,0,0,0,-80,0,0,-80,0,0,0,0,0,0,0,0,-78,-80,0,0,-80,0,0,0,0,0,-79,-87,0,0,0,-77,0,0,0,0,0,0,0,0,0,0,0,0,0,-80,0,0,0,0,0,0,-77,0,0,0,0,0,-76,-79,0
6,2,1,0,0,0,0,0,0,0,0,0,-76,0,0,-76,0,0,0,0,0,0,0,0,-73,-77,0,0,-89,0,0,0,0,0,-79,-87,0,0,0,0,0,0,0,0,0,0,0,0,0,0,0,0,0,-74,0,0,0,0,0,0,0,0,0,0,0,0,-76,-74,0
6,2,2,0,0,0,0,0,0,0,0,0,-76,0,0,-76,0,0,0,0,0,0,0,0,-73,-77,0,0,-81,0,0,0,0,0,-79,-87,0,0,0,-73,0,0,0,0,0,0,0,0,0,0,0,0,0,-74,0,0,0,0,0,0,0,0,0,0,0,0,-76,-74,0
6,2,3,0,0,0,0,0,0,0,0,0,-76,0,0,-76,0,0,0,0,0,0,0,0,-73,-77,0,0,-77,0,0,0,0,0,-79,-87,0,0,0,-76,0,0,0,0,0,0,0,0,0,0,0,0,0,-74,0,0,0,0,0,0,-76,0,0,0,0,0,-76,-74,0
7,2,0,0,0,0,0,0,0,0,0,0,-82,0,0,-76,0,0,0,0,0,0,0,0,-71,-77,0,0,-81,0,0,0,0,0,0,-86,0,0,0,-72,0,0,0,0,0,0,0,0,0,-89,0,0,0,-71,0,0,-87,0,0,0,-71,0,0,0,0,0,-76,-71,-86
7,2,1,0,0,0,0,0,0,0,0,0,-75,0,0,-74,0,0,0,0,0,0,0,0,-74,-74,0,0,-84,0,0,0,0,0,0,-86,0,0,0,-72,0,0,0,0,0,0,0,0,0,-89,0,0,0,-72,0,0,-87,0,0,0,-73,0,0,0,0,0,-76,-73,-86
7,2,2,0,0,0,0,0,0,0,0,0,-75,0,0,-74,0,0,0,0,0,0,0,0,-74,-74,0,0,-77,0,0,0,0,0,0,-86,0,0,0,-72,0,0,0,0,0,0,0,0,0,-89,0,0,0,-72,0,0,-87,0,0,0,-73,0,0,0,0,0,-76,-73,-86
7,2,3,0,0,0,0,0,0,0,0,0,-75,0,0,-77,0,0,0,0,0,0,0,0,-69,-74,0,0,-71,0,0,0,0,0,0,-84,0,0,0,-69,0,0,0,0,0,0,0,0,0,-87,0,0,0,-69,0,0,0,0,0,0,-69,0,0,0,0,0,-71,-68,0
8,2,0,0,0,0,0,0,0,0,0,0,0,0,0,-79,0,0,0,0,0,0,0,0,-69,-81,0,0,-76,0,0,0,0,0,-80,-84,0,0,0,-69,0,0,0,0,0,0,0,0,0,-87,0,0,0,-67,0,0,0,0,0,0,-69,0,0,0,0,0,-70,-68,0
8,2,1,0,0,0,0,0,0,0,0,0,-74,0,0,-75,0,0,0,0,0,0,0,0,-72,-75,0,-73,-76,0,0,0,0,0,-75,-84,0,0,0,-73,0,0,0,0,0,0,0,0,0,-87,-74,0,0,-71,0,0,0,0,0,0,-72,0,0,0,0,0,-71,-71,0
8,2,2,0,0,0,0,0,0,0,0,0,-74,0,0,-75,0,0,0,0,0,0,0,0,-69,-75,0,-79,-76,0,0,0,0,0,-75,0,0,0,0,-70,0,0,0,0,0,0,0,0,0,0,-78,0,0,-69,0,0,0,0,0,0,-69,0,0,0,0,0,-73,-68,0
8,2,3,0,0,0,0,0,0,0,0,0,-74,0,0,-75,0,0,0,0,0,0,0,0,-73,-75,0,-79,-80,0,0,0,0,0,-75,0,0,0,0,-73,0,0,0,0,0,0,0,0,0,0,-78,0,0,-73,0,0,0,0,0,0,-69,0,0,0,0,0,-73,-68,0
9,2,3,0,0,0,0,0,0,0,0,0,-74,0,0,-75,0,0,0,0,0,0,0,0,-73,-75,0,-83,-71,0,0,0,0,0,-84,0,0,0,0,-73,0,0,0,0,0,0,0,0,0,-87,-78,0,0,-56,0,0,0,0,0,0,-69,0,0,0,0,0,-70,-68,0
9,2,3,0,0,0,0,0,0,0,0,0,0,0,0,0,0,0,0,0,0,0,0,0,-75,0,0,-83,-78,0,0,0,0,0,-84,0,0,0,0,0,0,0,0,-92,0,0,0,0,0,-87,0,0,0,-56,0,0,0,0,0,0,-74,0,0,0,0,0,-70,-74,0
9,2,0,0,0,0,0,0,0,0,0,0,0,0,0,0,0,0,0,0,0,0,0,0,-75,0,0,0,-80,0,0,0,0,0,0,0,0,0,0,0,0,0,0,-92,0,0,0,0,0,-87,0,0,0,0,0,0,-87,0,0,0,-75,0,0,0,0,0,-70,-75,0
9,2,1,0,0,0,0,0,0,0,0,0,-76,0,0,-75,0,0,0,0,0,0,0,0,-70,-78,0,0,-67,0,0,0,0,0,0,0,0,0,0,0,0,0,0,-92,0,0,0,0,0,-89,0,0,0,-69,0,0,-87,0,0,0,-70,0,0,0,0,0,-70,-70,0
9,2,2,0,0,0,0,0,0,0,0,0,-76,0,0,-75,0,0,0,0,0,0,0,0,-70,-70,0,-75,-61,0,0,0,0,0,-69,0,0,0,0,-69,0,0,0,-92,0,0,0,0,0,-87,-75,0,0,-69,0,0,-87,0,0,0,-69,0,0,0,0,0,-73,-69,0
9,2,3,0,0,0,0,0,0,0,0,0,-80,0,0,-75,0,0,0,0,0,0,0,0,-62,-70,0,-75,-64,0,0,0,0,0,-69,0,0,0,0,-64,0,0,0,0,0,0,0,0,0,-83,-75,0,0,-63,0,0,0,0,0,0,-62,0,0,0,0,0,-60,-61,0
10,2,0,0,0,0,0,0,0,0,0,0,-80,0,0,0,0,0,0,0,0,0,0,0,-62,-70,0,-77,-64,0,0,0,0,0,-69,0,0,0,0,-64,0,0,0,0,0,0,0,0,0,-83,-75,0,0,-63,0,0,0,0,0,0,-62,0,0,0,0,0,-60,-61,0
10,2,0,0,0,0,0,0,0,0,0,0,0,0,0,0,0,0,0,0,0,0,0,0,0,-76,0,-77,-73,0,0,0,0,0,-77,0,0,0,0,0,0,0,0,0,0,0,0,0,0,-87,0,0,0,0,0,0,0,0,0,0,0,0,0,0,-82,0,-60,0,0
10,2,1,0,0,0,0,0,0,0,0,0,0,0,0,0,0,0,0,0,0,0,0,0,0,-76,0,-77,-69,0,0,0,0,0,-77,0,0,0,0,0,0,0,0,0,0,0,0,0,0,-79,-75,0,0,0,0,0,0,0,0,0,0,0,0,0,-82,0,-60,-73,0
10,2,2,0,0,0,0,0,0,0,0,0,0,0,0,0,0,0,0,0,0,0,0,0,-67,-76,0,-77,-66,0,0,0,0,0,-77,0,0,0,0,-68,0,0,0,0,0,0,0,0,0,-79,-75,0,0,0,0,0,0,0,0,0,-68,0,0,0,-77,0,-60,-68,0
10,2,3,0,0,0,0,0,0,0,0,0,0,0,0,0,0,0,0,0,0,0,0,0,-62,-76,0,-77,-70,0,0,0,0,0,-77,0,0,0,0,-68,0,0,0,0,0,0,0,0,0,-79,-75,0,0,0,0,0,0,0,0,0,-61,0,0,0,-80,0,-68,-62,0
11,2,0,0,0,0,0,0,0,0,0,0,0,0,0,0,0,0,0,0,0,0,0,0,-54,-76,0,0,-65,0,0,0,0,0,0,0,0,0,0,-51,0,0,0,0,0,0,0,0,0,-77,-75,0,0,-51,0,0,0,0,0,0,-53,0,0,0,-78,0,-57,-53,0
11,2,1,-67,0,0,0,0,0,0,0,0,0,0,0,0,-67,0,0,0,0,-79,0,0,-62,0,0,0,-58,0,0,0,0,0,0,0,0,0,0,-51,0,0,0,0,0,0,0,0,0,-74,-71,0,0,-51,0,0,0,0,0,-77,-62,0,0,0,-75,0,-57,-62,0
11,2,2,-67,0,0,0,0,0,0,0,0,0,0,0,0,-67,0,0,0,0,-79,0,0,-69,0,0,0,-58,0,0,0,0,0,0,0,0,0,0,-70,0,0,0,0,0,0,0,0,0,-77,-71,0,0,-71,0,0,0,0,0,-77,-69,0,0,0,-75,0,-66,-70,0
11,2,3,-67,0,0,0,0,0,0,0,0,0,0,0,0,-67,0,0,0,0,-79,0,0,-57,0,0,0,-61,0,0,0,0,0,0,0,0,0,0,-58,0,0,0,0,0,0,0,0,0,-77,-71,0,0,-58,0,0,0,0,0,-77,-59,0,0,0,-75,0,-69,-58,0
12,2,0,-67,0,0,0,0,0,0,0,0,-71,0,0,-69,-67,0,0,0,0,-79,0,0,-56,-71,0,-68,-59,-70,-70,0,0,0,-71,0,0,0,0,-58,0,0,0,0,0,0,0,0,0,-80,-71,-70,0,-56,0,0,0,0,0,-77,-56,0,0,0,-81,0,-60,-58,0
12,2,1,-73,0,0,0,0,0,0,0,0,-71,0,0,-69,0,0,0,0,0,0,0,0,-60,-71,0,-68,-51,-70,-70,0,0,0,-71,0,0,0,0,0,0,0,0,0,0,0,0,0,0,-80,-71,-70,0,-60,0,0,0,0,0,0,-56,0,0,0,-81,0,-60,-58,0
12,2,2,-73,0,0,0,0,0,0,0,0,-71,0,0,-69,0,0,0,0,0,-75,0,0,-66,-71,0,-68,-53,-70,-70,0,0,0,-71,0,0,0,0,0,0,0,0,0,0,0,0,0,0,-81,-71,-70,0,-66,0,0,0,-80,0,0,-64,0,0,0,-81,0,-57,-66,0
12,2,3,-73,0,0,0,0,0,0,0,0,0,0,0,0,0,0,0,0,0,-75,0,0,-58,0,0,0,-60,0,0,0,0,0,0,0,0,0,0,-58,0,0,0,0,0,0,0,0,0,-81,0,0,0,-58,0,0,0,-80,0,0,-59,0,0,0,0,0,-64,-58,0
13,2,0,-73,0,0,0,0,0,0,0,0,0,0,0,0,0,0,0,0,0,-75,0,0,-69,0,0,0,-64,0,0,0,0,0,0,0,0,0,0,-58,0,0,0,0,0,0,0,0,0,-74,0,0,0,-68,0,0,0,-80,0,0,-59,0,0,0,0,0,-72,-67,0
13,2,1,0,0,0,0,0,0,0,0,0,0,0,0,0,0,0,0,0,0,0,0,0,-69,0,0,0,-63,0,0,0,0,0,0,0,0,0,0,-58,0,0,0,0,0,0,0,0,0,-77,0,0,0,-68,0,0,0,0,0,0,-59,0,0,0,0,0,-72,-67,0
13,2,2,0,0,0,0,0,0,0,0,0,0,0,0,0,0,0,0,0,0,0,0,0,-67,0,0,0,-64,0,0,0,0,0,0,0,0,0,0,-67,0,0,0,0,0,0,0,0,0,-74,0,0,0,-67,0,0,0,0,0,0,-67,0,0,0,0,0,-71,-67,0
13,2,3,0,0,0,0,0,0,0,0,0,0,0,0,0,0,0,0,0,0,0,0,0,-67,0,0,0,-72,0,0,0,0,0,0,0,0,0,0,-67,0,0,0,0,0,0,0,0,0,-77,0,0,0,-67,0,0,0,-79,0,0,-67,0,0,0,0,0,-72,-67,0
14,2,0,0,0,0,0,0,0,0,0,0,0,0,0,0,0,0,0,0,0,0,0,0,-62,0,0,0,-75,0,0,0,0,0,-79,0,0,0,0,-62,0,0,0,0,0,0,0,0,0,-77,0,0,0,-61,0,0,0,-79,0,0,-62,0,0,0,0,0,-70,-62,0
14,2,1,0,0,0,0,0,0,0,0,0,0,0,0,0,0,0,0,0,0,0,0,0,-62,0,0,0,-70,0,0,0,0,0,-79,0,0,0,0,-62,0,0,0,0,0,0,0,0,0,-73,0,0,0,-61,0,0,0,-79,0,0,-62,0,0,0,0,0,-65,-62,0
14,2,2,0,0,0,0,0,0,0,0,0,0,0,0,0,0,0,0,0,0,0,0,0,-62,0,0,0,-62,0,0,0,0,0,-79,0,0,0,0,-62,0,0,0,0,0,0,0,0,0,-79,0,0,0,-61,0,0,0,-79,0,0,-75,0,0,0,0,0,-65,-62,0
14,2,3,0,0,0,0,0,0,0,0,0,0,0,0,0,0,0,0,0,0,0,0,0,-64,0,0,0,-68,0,0,0,0,0,0,0,0,0,0,-64,0,0,0,0,0,0,0,0,0,-75,0,0,0,-64,0,0,0,-81,0,0,-66,0,0,0,0,0,-74,-64,0
15,2,0,0,0,0,0,0,0,0,0,0,0,0,0,0,0,0,0,0,0,0,0,0,-71,0,0,0,-75,0,0,0,0,0,0,0,0,0,0,-64,0,0,0,0,0,0,0,0,0,-74,0,0,0,-71,0,0,0,-81,0,0,-71,0,0,0,0,0,-79,-70,0
15,2,1,0,0,0,0,0,0,0,0,0,0,0,0,0,0,0,0,0,0,0,0,0,-71,0,0,0,-67,0,0,0,0,0,0,0,0,0,0,-75,0,0,0,0,0,0,0,0,0,-73,0,0,0,-71,0,0,0,-81,0,0,-71,0,0,0,0,0,-79,-71,0
15,2,2,0,0,0,0,0,0,0,0,0,0,0,0,-88,0,0,0,0,0,0,0,0,-70,0,0,0,-79,0,0,0,0,0,0,0,0,0,0,-75,0,0,0,0,0,0,0,0,0,-65,0,0,0,-71,0,0,0,-81,0,0,-71,0,0,0,0,0,-77,-70,0
15,2,3,0,0,0,0,0,0,0,0,0,0,0,0,-88,0,0,0,0,0,0,0,0,-70,0,0,0,-79,0,0,0,0,0,0,0,0,0,0,-75,0,0,0,0,0,0,0,0,0,-61,0,0,0,-75,0,0,0,-74,0,0,-71,0,0,0,0,0,-77,-70,0
16,2,0,0,0,0,0,0,0,0,0,0,0,0,0,-88,0,0,0,0,0,0,0,0,-74,0,0,0,-79,0,0,0,0,0,0,0,0,0,0,-75,0,0,0,0,0,0,0,0,0,-62,0,0,0,-74,0,0,0,-74,0,0,-74,0,0,0,0,0,-77,-74,0
16,2,1,0,0,0,0,0,0,0,0,0,0,0,0,0,0,0,0,0,0,0,0,0,-71,0,0,0,-74,0,0,0,0,0,0,0,0,0,0,-70,0,0,0,0,0,0,0,0,0,-58,0,0,0,-72,0,0,0,-74,0,0,-71,0,0,0,0,0,-74,-74,0
16,2,2,0,0,0,0,0,0,0,0,0,0,0,0,0,0,0,0,0,0,0,0,0,-71,0,0,0,-78,0,0,0,0,0,0,0,0,0,0,-76,0,0,0,0,0,0,0,0,0,-54,0,0,0,-72,0,0,0,-74,0,0,-75,0,0,0,0,0,-74,-74,0
16,2,3,0,0,0,0,0,0,0,0,0,0,0,0,0,0,0,0,0,0,0,0,0,-71,0,0,0,-78,0,0,0,0,0,0,0,0,0,0,-76,0,0,0,0,0,0,0,0,0,-65,0,0,0,-72,0,0,0,-72,0,0,-75,0,0,0,0,0,-74,-74,0
16,2,3,0,0,0,0,0,0,0,0,0,0,0,0,0,0,0,0,0,0,0,0,0,0,0,0,0,-82,0,0,0,0,0,0,0,0,0,0,-76,0,0,0,0,0,0,0,0,0,-66,0,0,0,0,0,0,0,-77,0,0,-75,0,0,0,0,0,-74,0,0
17,2,0,0,0,0,0,0,0,0,0,0,0,0,0,0,0,0,0,0,0,0,0,0,0,0,0,0,-77,0,0,0,0,0,0,0,0,0,0,-78,0,0,0,0,0,0,0,0,0,-62,0,0,0,0,0,0,0,-81,0,0,-73,0,0,0,0,0,-74,0,0
17,2,1,0,0,0,0,0,0,0,0,0,0,0,0,0,0,0,0,0,0,0,0,0,-73,0,0,0,-77,0,0,0,0,0,0,0,0,0,0,-74,0,0,0,0,0,0,0,0,0,-67,0,0,0,-72,0,0,0,-81,0,0,-73,0,0,0,0,0,-79,-73,0
17,2,2,0,0,0,0,0,0,0,0,0,0,0,0,0,0,0,0,0,0,0,0,0,-73,-86,0,0,-77,0,0,0,0,0,0,0,0,0,0,-74,0,0,0,0,0,0,0,0,0,-67,0,0,0,-72,0,0,0,-76,0,0,-73,0,0,0,0,0,-74,-73,0
17,2,3,0,0,0,0,0,0,0,0,0,0,0,0,0,0,0,0,0,0,0,0,0,-73,-86,0,0,-77,0,0,0,0,0,0,0,0,0,0,-78,0,0,0,0,0,0,0,0,0,-67,0,0,0,-72,0,0,0,-78,0,0,-73,0,0,0,0,0,-74,-77,0
18,2,0,0,0,0,0,0,0,0,0,0,0,0,0,0,0,0,0,0,0,0,0,0,-73,-86,0,0,0,0,0,0,0,0,0,0,0,0,0,-78,0,0,0,0,0,0,0,0,0,-72,0,0,0,-72,0,0,0,-81,0,0,-73,0,0,0,0,0,-74,-77,0
18,2,1,0,0,0,0,0,0,0,0,0,0,0,0,0,0,0,0,0,0,0,0,0,0,-84,0,0,0,0,0,0,0,0,0,0,-68,0,0,-78,0,0,0,0,0,0,0,0,0,-64,0,0,0,0,0,0,0,-79,0,0,0,0,0,0,0,0,-74,-77,0
18,2,2,0,0,0,0,0,0,0,0,0,0,0,0,0,0,0,0,0,0,0,0,0,0,-84,0,0,0,0,0,0,0,0,0,0,-68,0,0,0,0,0,0,0,0,0,0,0,0,-66,0,0,0,0,0,0,0,-73,0,0,0,0,0,0,0,0,-74,0,0
18,2,3,0,0,0,0,0,0,0,0,0,0,0,0,0,0,0,0,0,0,0,0,0,0,-84,0,0,-80,0,0,0,0,0,0,0,-68,0,0,0,0,0,0,0,0,0,0,0,0,-70,0,0,0,0,0,0,0,-73,0,0,0,0,0,0,0,0,-74,0,0
19,2,0,0,0,0,0,0,0,0,0,0,0,0,0,0,0,0,0,0,0,0,0,0,0,0,0,0,0,0,0,0,-73,0,-91,-87,0,0,0,0,0,0,0,0,0,0,0,0,0,-70,0,0,0,0,0,0,0,-67,0,0,0,0,0,0,0,0,-74,0,0
19,2,1,0,0,0,0,0,0,0,0,0,0,0,0,0,0,0,0,0,0,0,0,0,0,0,0,0,0,0,0,0,-73,0,-91,-87,0,0,0,0,0,0,0,0,0,0,0,0,0,-70,0,0,0,0,0,0,0,-67,0,0,0,0,0,0,0,0,-74,0,0
19,2,2,0,0,0,0,0,0,0,0,0,0,0,0,0,0,0,0,0,0,0,0,0,0,0,0,0,0,0,0,0,-73,0,-91,-87,0,0,0,0,0,0,0,0,0,0,0,0,0,-70,0,0,0,0,0,0,0,-67,0,0,0,0,0,0,0,0,-74,0,0
19,2,3,0,0,0,0,0,0,0,0,0,0,0,0,0,0,0,0,0,0,0,0,0,0,0,0,0,0,0,0,0,-73,0,-91,-87,0,0,0,0,0,0,0,0,0,0,0,0,0,-70,0,0,0,0,0,0,0,-67,0,0,0,0,0,0,0,0,-74,0,0
2,2,1,0,0,0,0,0,0,0,0,0,0,0,0,0,0,0,0,0,0,0,0,0,-73,0,0,-83,-89,0,0,0,0,0,-81,0,0,0,0,0,0,0,0,0,0,0,0,0,0,0,-83,0,0,-74,0,0,0,0,0,0,0,0,0,0,0,0,-76,-74,0
2,2,0,0,0,0,0,0,0,0,0,0,-84,0,0,-83,0,0,0,0,0,0,0,0,-73,-84,0,0,0,0,0,0,0,0,0,0,0,0,0,-74,0,0,0,0,0,0,0,0,0,-89,0,0,0,-74,0,0,0,0,0,0,-74,0,0,0,0,0,-76,-73,0
2,2,2,0,0,0,0,0,0,0,0,0,-84,0,0,-83,0,0,0,0,0,0,0,0,0,-84,0,0,0,0,0,0,0,0,0,0,0,0,0,-74,0,0,0,0,0,0,0,0,0,-89,0,0,0,-73,0,0,0,0,0,0,-74,0,0,0,0,0,-76,-73,0
2,2,3,0,0,0,0,0,0,0,0,0,-84,0,0,-83,0,0,0,0,0,0,0,0,-75,-84,0,0,0,0,0,0,0,0,0,0,0,0,0,-74,0,0,0,0,0,0,0,0,0,-89,-85,0,0,-73,0,0,0,0,0,0,-74,0,0,0,0,0,-74,-73,0
2,3,0,0,0,0,0,0,0,0,0,0,0,0,0,0,0,0,0,0,0,0,0,0,0,-85,0,-83,0,0,0,0,0,0,-82,0,0,0,0,0,0,0,0,0,0,0,0,0,0,0,0,0,0,0,0,0,0,0,0,0,0,0,0,0,0,0,-74,0,0
2,3,1,0,0,0,0,0,0,0,0,0,-89,0,0,0,0,0,0,0,0,0,0,0,-77,-88,0,-83,0,0,0,0,0,0,-82,0,0,0,0,0,0,0,0,0,0,0,0,0,0,-90,0,0,0,0,0,0,0,0,0,0,0,0,0,0,0,0,-74,-78,0
2,3,2,0,0,0,0,0,0,0,0,0,-89,0,0,0,0,0,0,0,0,0,0,0,-77,-88,0,-83,0,0,0,0,0,0,-82,0,0,0,0,0,0,0,0,0,0,0,0,0,0,-90,0,0,0,0,0,0,0,0,0,0,0,0,0,0,0,0,-74,-78,0
2,3,3,0,0,0,0,0,0,0,0,0,-89,0,0,0,0,0,0,0,0,0,0,0,-77,-88,0,-83,0,0,0,0,0,0,-82,0,0,0,0,0,0,0,0,0,0,0,0,0,0,-90,0,0,0,0,0,0,0,0,0,0,0,0,0,0,0,0,-74,-78,0
2,4,0,0,0,0,0,0,0,0,0,0,-89,0,0,0,0,0,0,0,0,0,0,0,-77,-88,0,-79,0,0,0,0,0,0,0,0,0,0,0,0,0,0,0,0,0,0,0,0,0,-90,0,0,0,0,0,0,0,0,0,0,-75,0,0,0,0,0,-74,-78,0
2,4,1,0,0,0,0,0,0,0,0,0,0,0,0,0,0,0,0,0,0,0,0,0,0,0,0,-79,0,0,0,0,0,0,0,0,0,0,0,0,0,0,0,0,0,0,0,0,0,0,0,0,0,0,0,0,0,0,0,0,-77,0,0,0,0,0,-74,-79,0
2,4,2,0,0,0,0,0,0,0,0,0,0,0,0,0,0,0,0,0,0,0,0,0,0,0,0,-79,0,0,0,0,0,0,0,0,0,0,0,0,0,0,0,0,0,0,0,0,0,0,0,0,0,0,0,0,0,0,0,0,-77,0,0,0,0,0,-74,-79,0
2,4,3,0,0,0,0,0,0,0,0,0,0,0,0,-82,0,0,0,0,0,0,0,0,-80,-82,0,-79,0,0,0,0,0,0,-81,0,0,0,0,0,0,0,0,0,0,0,0,0,0,0,0,0,0,-80,0,0,0,0,0,0,-77,0,0,0,0,0,-74,-79,0
2,5,0,0,0,0,0,0,0,0,0,0,0,0,0,-82,0,0,0,0,0,0,0,0,-80,-82,0,0,0,0,0,0,0,0,-81,0,0,0,0,0,0,0,0,0,0,0,0,0,0,0,0,0,0,-80,0,0,0,0,0,0,-77,0,0,0,0,0,-74,-79,0
2,5,1,0,0,0,0,-67,-66,0,0,0,0,0,0,0,0,0,0,0,0,0,0,0,0,0,0,0,0,0,0,0,0,0,0,0,0,0,0,0,0,0,0,0,0,0,0,0,0,0,0,0,-67,0,0,0,0,0,0,0,0,0,0,0,0,0,-74,-79,0
2,5,2,0,0,0,0,-67,-66,0,0,0,0,0,0,0,0,0,0,0,0,0,0,0,0,0,0,0,0,0,0,0,0,0,0,0,0,0,0,0,0,0,0,0,0,0,0,0,0,0,0,0,-67,0,0,0,0,0,0,0,-81,0,0,0,0,0,-74,-79,0
2,5,3,0,0,0,0,-67,-66,0,0,0,0,0,0,0,0,0,0,0,0,0,0,0,0,0,0,0,0,0,0,0,0,0,0,0,0,0,0,0,0,0,0,0,0,0,0,0,0,0,0,0,-67,0,0,0,0,0,0,0,-81,0,0,0,0,0,-74,-79,0
2,6,0,0,0,0,0,-67,-64,0,0,0,0,0,0,0,0,0,0,0,0,0,0,0,0,0,0,0,0,0,0,0,0,0,0,0,0,0,0,0,0,0,0,0,0,0,0,0,0,0,0,0,-67,0,0,0,0,0,0,0,-81,0,0,0,0,0,-74,-79,0
2,6,1,0,0,-66,0,-66,-64,0,0,0,0,0,0,0,0,0,0,0,0,0,0,0,0,0,0,0,0,0,0,0,0,0,0,0,0,0,0,0,0,0,0,0,-66,0,0,0,0,0,0,0,-66,0,0,-67,0,0,0,0,0,0,0,0,0,0,0,0,0
2,6,2,0,0,-63,0,-63,-69,0,0,0,0,0,0,0,0,0,0,0,0,0,0,0,0,0,0,0,0,0,0,0,0,0,0,0,0,0,0,0,0,0,0,0,-63,0,0,0,0,0,0,0,-63,-84,0,-63,0,0,0,0,0,0,0,0,0,0,-80,0,0
2,6,3,0,0,-63,0,-63,-62,0,0,0,0,0,0,0,0,0,0,0,0,0,0,0,0,0,0,0,0,0,0,0,0,0,0,0,0,0,0,0,0,0,0,0,-63,0,0,0,0,0,0,0,-63,-84,0,-63,0,0,0,0,0,0,0,0,0,0,-80,0,0
2,7,0,0,0,-67,0,-68,-66,0,0,0,0,0,0,0,0,0,0,0,0,0,0,0,0,0,0,0,0,0,0,0,0,0,0,0,0,0,0,-74,0,0,0,0,-68,0,0,0,0,0,0,0,-67,-84,0,-67,0,0,0,0,-74,0,0,0,0,0,-80,-73,0
2,7,1,0,0,-67,0,-68,-66,0,0,0,0,0,0,0,0,0,0,0,0,0,0,0,-77,0,0,0,0,0,0,0,0,0,0,0,0,0,0,-76,0,0,0,0,-68,0,0,0,0,-87,0,0,-67,0,0,-67,0,0,0,0,-76,0,0,0,0,0,0,-77,0
2,7,2,0,0,-62,0,-63,-67,0,0,0,0,0,0,0,0,0,0,0,0,0,0,0,-81,0,0,0,0,0,0,0,0,0,0,0,0,0,0,-76,0,0,0,0,-63,0,0,0,0,-87,0,0,-63,0,0,-63,0,0,0,0,-76,0,0,0,0,0,0,-77,0
2,7,3,0,0,-62,0,-63,-62,0,0,0,0,0,0,0,0,0,0,0,0,0,0,0,-81,0,0,0,0,0,0,0,0,0,0,0,0,0,0,-76,0,0,0,0,-63,0,0,0,0,-83,0,0,-63,0,0,-63,0,0,0,0,-76,0,0,0,0,0,0,-77,0
2,8,0,0,0,-49,0,-49,-51,0,0,0,0,0,0,0,0,0,0,0,0,0,0,0,-80,0,0,0,-82,0,0,0,0,0,0,0,0,0,0,-76,0,0,0,0,-49,0,0,0,0,-83,0,0,-49,-81,0,-49,0,0,0,0,-76,0,0,0,0,0,0,-77,0
2,8,1,0,0,-53,0,-52,-51,0,0,0,0,0,0,0,0,0,0,0,0,0,0,0,-76,0,0,0,-82,0,0,0,0,0,0,0,0,0,0,0,0,0,0,0,-53,0,0,0,0,-83,0,0,-53,-77,0,-53,0,0,0,-81,0,0,0,0,0,0,0,0,0
2,8,2,0,0,-49,0,-48,-48,0,0,0,0,0,0,0,0,0,0,0,0,0,0,0,-82,0,0,0,-82,0,0,0,0,0,0,0,0,0,0,0,0,0,0,0,-49,0,0,0,0,-83,0,0,-49,-77,0,-49,0,0,0,-81,-79,0,0,0,0,0,0,0,0
2,8,3,0,0,-53,0,-52,-50,0,0,0,0,0,0,0,0,0,0,0,0,0,0,0,-82,0,0,0,-75,0,0,0,0,0,0,0,0,0,0,0,0,0,0,0,-53,0,0,0,0,0,-91,0,-53,-81,0,-53,0,0,0,-81,-79,0,0,0,0,0,0,0,0
2,9,0,0,0,-60,0,-60,-60,0,0,0,0,0,0,0,0,0,0,0,0,0,0,0,-82,0,0,0,-75,0,0,0,0,0,0,0,0,0,0,0,0,0,0,0,-60,0,0,0,0,0,-91,0,-61,-81,0,-61,0,0,0,-81,-79,0,0,0,0,0,0,0,0
2,9,1,0,0,-56,0,-56,-56,0,0,0,0,0,0,0,0,0,0,0,0,0,0,0,0,0,0,0,0,0,0,0,0,0,0,0,0,0,0,0,0,0,0,0,-56,0,0,0,0,0,0,0,-57,0,0,-57,0,0,0,0,0,0,0,0,0,0,0,0,0
2,9,2,0,0,-57,0,-57,-55,0,0,0,0,0,0,0,0,0,0,0,0,0,0,0,0,0,0,0,0,0,0,0,0,0,0,0,0,0,0,0,0,0,0,0,-57,0,0,0,0,0,0,0,-57,0,0,-57,0,0,0,-86,-84,0,0,0,0,0,0,0,0
2,9,3,0,-68,-55,0,-55,-55,0,0,0,0,0,0,0,0,0,0,0,0,0,0,0,0,0,0,0,0,-69,-68,0,0,-68,0,0,0,0,0,0,0,0,0,0,-55,0,-68,0,0,-83,0,-68,-55,0,0,-55,0,0,0,-86,-84,0,0,0,0,0,0,0,0
2,10,0,0,-68,-55,0,-55,-66,0,0,0,0,0,0,0,0,0,0,0,0,0,0,0,0,0,0,0,0,-69,-68,0,0,-68,0,0,0,0,0,-80,0,0,0,0,-55,0,-68,0,0,-83,0,-68,-55,0,0,-65,0,0,0,-72,-80,0,0,0,0,0,-76,0,0
2,10,1,0,0,-67,0,-67,-64,0,0,0,0,0,0,0,0,0,0,0,0,0,0,0,0,0,0,0,0,0,0,0,0,0,0,0,0,0,0,-80,0,0,0,0,-67,0,0,0,0,0,0,0,-67,0,0,-66,0,0,0,-76,-80,0,0,0,0,0,-76,0,0
2,10,2,0,0,-65,0,-67,-67,0,0,0,0,0,0,0,0,0,0,0,0,0,0,0,0,0,0,0,0,0,0,0,0,0,0,0,0,0,0,-84,0,0,0,0,-68,0,0,0,0,0,0,0,-67,0,0,-66,0,0,0,-71,-79,0,0,0,0,0,-82,0,0
2,10,3,0,0,-65,0,-67,-67,0,0,0,0,0,0,0,0,0,0,0,0,0,0,0,0,0,0,0,0,0,0,0,0,0,0,0,0,0,0,-84,0,0,0,0,-68,0,0,0,0,0,0,0,-67,-77,0,-66,0,0,0,-62,-79,0,0,0,0,0,-82,-77,0
3,10,0,0,0,-64,0,-63,-64,0,0,0,0,0,0,0,0,0,0,0,0,-89,0,0,0,0,0,0,-89,0,0,0,0,0,0,0,0,0,0,0,0,0,0,0,-63,0,0,0,0,-90,0,0,-64,0,0,-63,0,0,0,-73,0,0,0,0,0,0,0,0,0
3,10,1,0,0,-64,0,-63,-66,0,0,0,0,0,0,0,0,0,0,0,0,-89,0,0,0,0,0,0,-89,0,0,0,0,0,0,0,0,0,0,0,0,0,0,0,-63,0,0,0,0,-90,0,0,-64,0,0,-63,0,0,0,-74,0,0,0,0,0,0,-87,0,0
3,10,2,0,0,-64,0,-63,-66,0,0,0,0,0,0,0,0,0,0,0,0,0,0,0,0,0,0,0,0,0,0,0,0,0,0,0,0,0,0,0,0,0,0,0,-62,0,0,0,0,-90,0,0,-64,0,0,-63,0,0,0,-64,0,0,0,0,0,0,-87,0,0
3,10,3,0,0,-63,0,-62,-66,0,0,0,0,0,0,0,0,0,0,0,0,0,0,0,0,0,0,0,0,0,0,0,0,0,0,0,0,0,0,0,0,0,0,0,-62,0,0,0,0,0,0,0,-63,0,0,-63,0,0,0,-63,0,0,0,0,0,0,-87,0,0
4,10,0,0,-74,-56,0,-56,-68,0,0,0,0,0,0,0,0,0,0,0,0,-82,0,0,0,0,0,0,-80,-74,0,0,0,-74,0,0,0,0,0,0,0,0,0,0,-56,0,-75,0,0,0,0,-74,-56,0,0,-56,0,0,0,-69,0,0,0,0,0,0,-87,0,0
4,10,1,0,-74,-60,0,-60,-60,0,0,0,0,0,0,0,0,0,0,0,0,-82,0,0,0,0,0,0,-80,-74,0,0,0,-74,0,0,0,0,0,0,0,0,0,0,-60,0,-75,0,0,0,0,-74,-61,0,0,-61,0,0,0,-66,0,0,0,0,0,0,0,0,0
4,10,2,0,-74,-64,0,-60,-64,0,0,0,0,0,0,0,0,0,0,0,0,-82,0,0,0,0,0,0,-83,-74,0,0,0,-74,0,0,0,0,0,0,0,0,-68,0,-64,0,-75,0,0,-89,0,-74,-61,0,0,-65,0,0,0,-62,0,0,0,-68,0,0,0,0,0
4,10,3,0,-74,-64,0,-60,-64,-71,-71,0,0,0,0,0,0,0,0,0,0,-79,0,0,0,0,0,0,-82,-74,0,0,0,-74,0,0,-70,0,0,0,0,0,-68,0,-61,0,-75,0,0,-89,0,-74,-61,0,0,-65,0,0,0,-57,0,0,0,-69,0,0,0,0,0
5,10,0,0,0,-62,0,-62,-65,-71,-71,0,0,0,0,0,0,0,0,0,0,-79,0,0,0,0,0,0,-80,0,0,0,0,0,0,0,-70,0,0,0,0,0,-68,0,-62,0,0,0,0,-89,0,0,-61,0,0,-65,0,0,0,-71,0,0,0,-69,0,0,0,0,0
5,10,1,0,0,-62,0,-62,-62,0,0,0,0,0,0,0,0,0,0,0,0,0,0,0,-88,0,0,0,-79,0,0,0,0,0,0,0,0,0,0,0,-87,0,0,0,-62,0,0,0,0,0,0,0,0,0,0,0,0,0,0,-65,0,0,0,0,0,0,0,0,0
5,10,2,0,0,-62,0,-62,-62,0,0,0,0,0,0,0,0,0,0,0,0,0,0,0,-88,0,0,0,-79,0,0,0,0,0,0,0,0,0,0,0,-87,0,0,0,-62,0,0,0,0,0,0,0,0,0,0,0,0,0,0,-59,0,0,0,0,0,0,0,0,0
5,10,3,0,0,-62,0,-60,-64,0,0,0,0,0,0,0,0,0,0,0,0,0,0,0,-88,0,0,0,-78,0,0,0,0,0,0,0,0,0,0,0,-87,0,0,0,-60,0,0,0,0,-86,0,0,-60,0,0,-60,0,0,0,-62,0,0,0,0,0,0,0,0,0
6,10,0,0,0,-66,0,-64,-59,0,0,0,0,0,0,0,0,0,0,0,0,-79,0,0,-88,0,0,0,-79,0,0,0,0,0,0,0,0,0,0,0,-87,0,0,0,-60,0,0,0,0,-86,0,0,-60,0,0,-60,0,0,0,-65,0,0,0,0,0,0,0,0,0
6,10,1,0,0,-66,0,-64,-57,0,0,0,0,0,0,0,0,0,0,0,0,-79,0,0,0,0,0,0,-79,0,0,0,0,0,0,0,0,0,0,0,0,0,0,0,-60,0,0,0,0,-86,0,0,-60,0,0,-60,0,0,0,-65,0,0,0,0,0,0,0,0,0
6,10,2,0,0,-61,0,-60,-67,0,0,0,0,0,0,0,0,0,0,0,0,-79,0,0,0,0,0,0,-68,0,0,0,0,0,0,0,0,0,0,0,0,0,0,0,-60,0,0,0,0,-85,0,0,-60,0,0,-60,0,0,0,-76,0,-69,0,0,0,0,0,0,0
6,10,3,0,0,-62,0,-62,-60,0,0,0,0,0,0,0,0,0,0,0,0,-79,0,0,0,0,0,0,-69,0,0,0,0,0,0,0,0,0,0,0,-84,0,0,0,-60,0,0,0,0,-85,0,0,-62,0,0,-62,0,0,0,-71,0,-69,0,0,0,0,0,0,0
7,10,0,0,0,-56,0,-57,-60,0,0,0,0,0,0,0,0,0,0,0,0,-70,0,0,0,0,0,0,-64,0,0,0,0,0,0,0,0,0,0,-77,-84,0,0,0,-60,0,0,0,0,-85,0,0,-62,0,0,-62,0,0,0,-68,0,-69,0,0,0,0,0,0,0
7,10,1,0,-66,-64,0,-64,-60,0,0,0,0,0,0,0,0,0,0,0,0,-70,0,0,0,0,0,0,-68,-65,-66,0,0,-66,0,0,0,0,0,-77,0,0,0,0,0,0,-66,0,0,-89,0,-66,-66,0,0,-66,0,0,0,-68,0,0,0,0,0,0,0,0,0
7,10,2,0,-66,-67,0,-67,-66,0,0,0,0,0,0,0,0,0,0,0,0,-70,0,0,0,0,0,0,-68,-65,-66,0,0,-66,0,0,0,0,0,-77,-77,0,0,0,-67,0,-66,0,0,-89,0,-66,-67,0,0,-66,0,0,0,-76,0,0,0,0,0,0,0,-82,0
7,10,3,0,-68,-67,0,-67,-66,0,0,0,0,0,0,0,0,0,0,0,0,-70,0,0,0,0,0,0,-66,-68,-69,0,0,-68,0,0,0,0,0,-77,-80,0,0,0,-67,0,-66,0,0,-85,0,-67,-67,0,0,-66,0,0,0,-72,0,0,0,0,0,0,0,-82,0
8,10,0,0,-72,-69,0,-69,-68,0,0,0,0,0,0,0,0,0,-69,0,0,-71,0,0,0,0,-69,0,-64,-68,-73,0,0,-72,0,0,0,-69,0,0,-82,0,0,0,-69,0,0,0,0,-83,0,-72,-67,0,0,0,0,0,0,-79,-83,0,-67,0,0,-69,0,-82,0
8,10,1,0,-72,-69,0,-69,-68,0,0,0,0,0,0,0,0,0,-69,0,0,-71,0,0,0,0,-69,0,-64,-68,-73,0,0,-72,0,0,0,-69,0,0,-82,0,0,0,-69,0,0,0,0,-83,0,-72,-67,0,0,0,0,0,0,-79,-83,0,-67,0,0,-69,0,-82,0
8,10,2,0,-72,-69,0,-69,-68,0,0,0,0,0,0,0,0,0,-69,0,0,-71,0,0,0,0,-69,0,-64,-68,-73,0,0,-72,0,0,0,-69,0,0,-82,0,0,0,-69,0,0,0,0,-83,0,-72,-67,0,0,0,0,0,0,-79,-83,0,-67,0,0,-69,0,-82,0
8,10,3,0,-72,-69,0,-69,-68,0,0,0,0,0,0,0,0,0,-69,0,0,-71,0,0,0,0,-69,0,-64,-68,-73,0,0,-72,0,0,0,-69,0,0,-82,0,0,0,-69,0,0,0,0,-83,0,-72,-67,0,0,0,0,0,0,-79,-83,0,-67,0,0,-69,0,-82,0
9,10,0,0,0,0,0,0,0,0,0,0,0,0,0,0,0,0,0,0,0,-71,0,0,0,0,0,0,-69,0,0,0,0,0,0,0,0,0,0,0,-82,0,0,0,0,0,0,0,0,-76,0,0,0,-78,0,0,0,0,0,-79,-83,0,0,0,0,0,0,0,0
9,10,1,0,0,0,0,0,0,0,0,0,0,0,0,0,0,0,0,0,0,-72,0,0,0,0,0,0,-69,0,0,0,0,0,0,0,0,0,0,-76,-82,0,0,0,0,0,0,0,0,-76,0,0,0,-78,0,0,0,0,0,-79,-74,0,0,0,0,0,0,0,0
9,10,2,0,0,0,0,0,0,0,0,0,0,0,0,0,0,0,0,0,0,-71,0,0,0,0,0,0,-69,0,0,0,0,0,0,0,0,0,0,0,-82,0,0,0,0,0,0,0,0,-76,0,0,0,-78,0,0,0,0,0,-79,-83,0,0,0,0,0,0,0,0
9,10,3,0,0,0,0,0,0,0,0,0,0,0,0,0,0,0,0,0,0,-72,0,0,0,0,0,0,-69,0,0,0,0,0,0,0,0,0,0,-76,-82,0,0,0,0,0,0,0,0,-76,0,0,0,-78,0,0,0,0,0,-79,-74,0,0,0,0,0,0,0,0
10,10,0,0,0,0,-70,0,0,0,0,0,0,0,0,0,0,0,0,0,0,0,0,0,-71,0,0,0,-69,0,0,0,0,0,0,0,0,0,0,-65,0,0,0,0,0,0,0,0,-71,-80,0,0,0,-71,0,0,0,0,0,-79,-72,0,0,0,0,0,-65,-68,0
10,10,1,0,0,0,0,0,0,0,0,0,0,0,0,0,0,0,0,0,0,-72,0,0,-62,0,0,0,-62,0,0,0,0,0,0,0,0,0,0,-76,-82,0,0,0,0,0,0,0,0,-76,0,0,0,-62,0,0,0,0,0,-79,-74,0,0,0,0,0,0,-63,0
10,10,2,0,0,0,-70,0,0,0,0,0,0,0,0,0,0,0,0,0,0,0,0,0,-71,0,0,0,-69,0,0,0,0,0,0,0,0,0,0,-65,0,0,0,0,0,0,0,0,-71,-80,0,0,0,-71,0,0,0,0,0,-79,-72,0,0,0,0,0,-65,-68,0
10,10,3,0,0,0,-70,0,0,0,0,0,0,0,0,0,0,0,0,0,0,0,0,0,-65,0,0,0,-68,0,0,0,0,0,0,0,0,0,0,-63,0,0,0,0,0,0,0,0,-71,-79,0,0,0,-66,0,0,0,0,0,0,-66,0,0,0,-84,0,-64,-73,0
11,10,0,0,0,0,-70,0,0,0,0,0,0,0,0,0,0,0,0,0,0,-78,0,0,-65,0,0,0,-73,0,0,0,0,0,0,0,0,0,0,-70,0,0,0,0,0,0,0,0,-71,-76,0,0,0,-66,0,0,0,0,0,0,-70,0,0,0,-84,0,-64,-73,0
11,10,1,0,0,0,-76,0,0,0,0,0,0,0,0,0,0,0,0,0,0,-78,0,0,-73,0,0,0,-72,0,0,0,0,0,0,0,0,0,0,-72,-87,0,0,0,0,0,0,0,0,-82,0,0,0,-74,0,0,0,0,0,-82,-76,0,0,0,-89,0,-75,-74,0
11,10,2,0,0,0,-76,0,0,0,0,0,0,0,0,0,0,0,0,0,0,-75,0,0,-75,0,0,0,-72,0,0,0,0,0,0,0,0,0,0,-72,-87,0,0,0,0,0,0,0,0,-79,0,0,0,-75,0,0,0,0,0,-82,-76,0,0,0,-89,0,-75,-74,0
11,10,3,0,0,0,-76,0,0,0,0,0,0,0,0,0,0,0,0,0,0,-75,0,0,-67,0,0,0,-70,0,0,0,0,0,0,0,0,0,0,-71,-87,0,0,0,0,0,0,0,0,-78,0,0,0,-67,0,0,0,0,0,-84,-68,0,0,0,-89,0,-71,-67,0
12,10,1,0,0,0,0,0,0,0,0,0,0,0,0,0,0,0,0,0,0,0,0,0,-67,0,0,0,-78,0,0,0,0,0,0,0,0,0,0,-71,0,0,0,0,0,0,0,0,0,-80,0,0,0,-66,0,0,0,0,0,-79,-78,0,0,0,0,0,-64,-80,0
12,10,2,0,0,0,0,0,0,-66,0,0,0,0,0,0,0,0,0,0,0,0,0,0,0,0,0,0,-70,0,0,0,0,0,0,0,-66,0,0,0,0,0,-66,0,0,0,0,0,0,-80,0,0,0,-83,0,0,0,0,0,-79,-78,-67,0,-66,0,0,-64,-80,0
12,10,3,0,0,0,0,0,0,-66,0,0,0,0,0,0,0,0,0,0,0,0,0,0,0,0,0,0,-72,0,0,0,0,0,0,0,-66,0,0,0,0,0,-66,0,0,0,0,0,0,-80,0,0,0,-83,0,0,0,0,0,-79,-78,-67,0,-66,0,0,-64,-79,0
12,10,3,0,0,0,0,0,0,-66,0,0,0,0,0,0,0,0,0,0,0,0,0,0,0,0,0,0,-76,0,0,0,0,0,0,0,-66,0,0,0,0,0,-66,0,0,0,0,0,0,-80,0,0,0,-83,0,0,0,0,0,-79,-73,-67,0,-66,0,0,-64,-79,0
12,10,0,0,0,0,0,0,0,-66,0,0,0,0,0,0,0,0,0,0,0,0,0,0,0,0,0,0,-72,0,0,0,0,0,0,0,-66,0,0,0,0,0,-66,0,0,0,0,0,0,-76,0,0,0,-76,0,0,0,0,0,-79,-73,-67,0,-66,0,0,-64,-79,0
13,10,1,0,0,0,0,0,0,-68,-68,0,0,0,0,0,0,0,0,0,0,0,0,0,0,0,0,0,-73,0,0,0,0,0,0,0,-67,0,0,0,0,0,-67,0,0,0,0,0,0,-76,0,0,0,-76,0,0,0,0,0,0,-82,-67,0,-66,0,0,-64,-79,0
13,10,2,0,0,0,0,0,0,-68,-68,0,0,0,0,0,0,0,0,0,0,0,0,0,0,0,0,0,-73,0,0,0,0,0,0,0,-67,0,0,-80,0,0,-67,0,0,0,0,0,0,0,0,0,0,0,0,0,0,0,0,0,-82,0,0,0,0,0,-64,0,0
13,10,3,0,0,0,0,0,0,-60,-60,0,0,0,0,0,0,0,0,0,0,0,0,0,0,0,0,0,-76,0,0,0,0,0,0,0,-60,0,0,-80,0,0,-59,0,0,0,0,0,0,-78,0,0,0,0,0,0,0,0,0,0,-82,-59,0,-59,0,0,-64,0,0
13,10,0,0,0,0,0,0,0,-66,-60,0,0,0,0,0,0,0,0,0,0,0,0,0,-73,0,0,0,-76,0,0,0,0,0,0,0,-66,0,0,-74,0,0,-59,0,0,0,0,0,0,-78,0,0,0,-73,0,0,0,0,0,0,-73,-59,0,-59,0,0,-83,-73,0
14,10,0,0,0,0,0,0,0,-68,-69,0,0,0,0,0,0,0,0,0,0,0,0,0,-73,0,0,0,-76,0,0,0,0,0,0,0,-68,0,0,-74,0,0,-68,0,0,0,0,0,0,-78,0,0,0,-73,0,0,0,0,0,0,-73,-68,0,-68,-80,0,-83,-73,0
14,10,1,0,0,0,0,0,0,-63,-64,0,0,0,0,0,0,0,0,0,0,0,0,0,0,0,0,0,-86,0,0,0,0,0,0,0,-64,0,0,-84,0,0,-63,0,0,0,0,0,0,-78,0,0,0,0,0,0,0,0,0,0,-85,-63,0,-64,-84,0,-83,0,0
14,10,2,0,0,0,0,0,0,-60,-60,0,0,0,0,0,0,0,0,0,0,0,0,0,0,0,0,0,-86,0,0,0,0,0,0,0,-60,0,0,-84,0,0,-60,0,0,0,0,0,0,-79,0,0,0,0,0,0,0,0,0,0,-85,-59,0,-60,-84,0,-83,0,0
14,10,3,0,0,0,0,0,0,-58,-58,0,0,0,0,0,0,0,0,0,0,0,0,0,0,0,0,0,-86,0,0,0,0,0,0,0,-58,0,0,-84,0,0,-58,0,0,0,0,0,0,-75,0,0,0,0,0,0,0,0,0,0,-85,-58,0,-58,-79,0,-83,0,0
15,10,0,0,0,0,0,0,0,-61,-60,0,0,0,0,0,0,0,0,0,0,0,0,0,0,0,0,0,-82,0,0,0,0,0,0,0,-60,0,0,-84,0,0,-60,0,0,0,0,0,0,-76,0,0,0,0,0,0,0,0,0,0,-85,-61,0,-60,-75,0,-83,0,0
15,10,1,0,0,0,0,0,0,-61,-61,0,0,0,0,0,0,0,0,0,0,0,0,0,0,0,0,0,-80,0,0,0,0,0,0,0,-61,0,0,0,0,0,-61,0,0,0,0,0,0,-76,0,0,0,0,0,0,0,0,0,0,0,-62,0,-61,-76,0,-83,0,0
15,10,2,0,0,0,0,0,0,-59,-59,0,0,0,0,0,0,0,0,0,0,0,0,0,0,0,0,0,-80,0,0,0,0,0,0,0,-59,0,0,0,0,0,-59,0,0,0,0,0,0,-77,0,0,0,0,0,0,0,0,0,0,0,-59,0,-59,-76,0,-83,0,0
15,10,3,0,0,0,0,0,0,-55,-55,0,0,0,0,0,0,0,0,0,0,0,0,0,0,0,0,0,-83,0,0,0,0,0,0,0,-55,0,0,0,0,0,-55,0,0,0,0,0,0,-74,0,0,0,0,0,0,0,0,0,0,0,-56,0,-55,-76,0,-83,0,0
16,10,0,0,0,0,0,0,0,-59,-58,0,0,0,0,0,0,0,0,0,0,0,0,0,0,0,0,0,-83,0,0,0,0,0,0,0,-59,0,0,0,0,0,-59,0,0,0,0,0,0,-66,0,0,0,0,0,0,0,0,0,0,0,-58,0,-59,-78,0,-83,0,0
16,10,1,0,0,0,0,0,0,-59,-58,0,0,0,0,0,0,0,0,0,0,0,0,0,0,0,0,0,-83,0,0,0,0,0,0,0,-59,0,0,0,0,0,-59,0,0,0,0,0,0,-66,0,0,0,0,0,0,0,0,0,0,0,-58,0,-59,-78,0,-83,0,0
16,10,2,0,0,0,0,0,0,-57,-54,0,0,0,0,0,0,0,0,0,0,0,0,0,0,0,0,0,-83,0,0,0,0,0,0,0,-54,0,0,0,0,0,-54,0,0,0,0,0,0,-72,0,0,0,0,0,0,0,0,0,0,0,-54,0,-54,-77,0,0,0,0
16,10,3,0,0,0,0,0,0,-53,-51,0,0,0,0,0,0,0,0,0,0,0,0,0,0,0,0,0,0,0,0,0,0,0,0,0,-51,0,0,0,0,0,-51,0,0,0,0,0,0,-68,0,0,0,0,0,0,0,0,0,0,0,-51,0,-51,-73,0,0,0,0
17,10,0,0,0,0,0,0,0,-49,-39,0,0,0,0,0,0,0,0,0,0,0,0,0,0,0,0,0,0,0,0,0,0,0,0,0,-39,0,0,0,0,0,-38,0,0,0,0,0,0,-61,0,0,0,0,0,0,0,0,0,0,0,-39,0,-39,-74,0,0,0,0
17,10,1,0,0,0,0,0,0,-49,-39,0,0,0,0,0,0,0,0,0,0,0,0,0,0,0,0,0,0,0,0,0,0,0,0,0,-39,0,0,0,0,0,-38,0,0,0,0,0,0,-69,0,0,0,0,0,0,0,0,0,0,0,-39,0,-39,-70,0,0,0,0
17,10,2,0,0,0,0,0,0,-38,-47,0,0,0,0,0,0,0,0,0,0,0,0,0,0,0,0,0,0,0,0,0,0,0,0,0,-47,0,0,0,0,0,-47,0,0,0,0,0,0,-68,0,0,0,0,0,0,0,-81,0,0,0,-47,0,-47,-74,0,0,0,0
17,10,3,0,0,0,0,0,0,-41,-43,0,0,0,0,0,0,0,0,0,0,0,0,0,0,0,0,0,0,0,0,0,0,0,0,0,-43,0,0,0,0,0,-43,0,0,0,0,0,0,-68,0,0,0,0,0,0,0,-81,0,0,0,-43,0,-43,-74,0,0,0,0
18,10,0,0,0,0,0,0,0,-50,-43,0,0,0,0,0,0,0,0,0,0,0,0,0,0,0,0,0,0,0,0,0,0,0,0,0,-44,0,0,0,0,0,-44,0,0,0,0,0,0,-68,0,0,0,0,0,0,0,-81,0,0,0,-43,0,-43,-76,0,0,0,0
18,10,1,0,0,0,0,0,0,-48,-41,0,0,0,0,0,0,0,0,0,0,0,0,0,0,0,0,0,0,0,0,0,0,0,0,0,-41,0,0,0,0,0,-41,0,0,0,0,0,0,-70,0,0,0,0,0,0,0,-85,0,0,0,-41,0,-41,-75,0,0,0,0
18,10,2,0,0,0,0,0,0,-40,-41,0,0,0,0,0,0,0,0,0,0,0,0,0,0,0,0,0,0,0,0,0,0,0,0,0,-41,0,0,0,0,0,-41,0,0,0,0,0,0,-73,0,0,0,0,0,0,0,-85,0,0,0,-41,0,-41,-77,0,0,0,0
18,10,3,0,0,0,0,0,0,-42,-48,0,0,0,0,0,0,0,0,0,0,0,0,0,0,0,0,0,0,0,0,0,0,0,0,0,-48,0,0,0,0,0,-48,0,0,0,0,0,0,-70,0,0,0,0,0,0,0,-85,0,0,0,-48,0,-48,-74,0,0,0,0
19,10,0,0,0,0,0,0,0,-55,-54,0,0,0,0,0,0,0,0,0,0,0,0,0,0,0,0,0,0,0,0,0,0,0,0,0,-54,0,0,0,0,0,-54,0,0,0,0,0,0,-78,0,0,0,0,0,0,0,-89,0,0,0,-54,0,-54,-82,0,0,0,0
19,10,1,0,0,0,0,0,0,-60,-46,0,0,0,0,0,0,0,0,0,0,0,0,0,0,0,0,0,0,0,0,0,0,0,0,0,-47,0,0,0,0,0,-46,0,0,0,0,0,0,-77,0,0,0,0,0,0,0,-89,0,0,0,-47,0,-46,-79,0,0,0,0
19,10,2,0,0,0,0,0,0,-49,-48,0,0,0,0,0,0,0,0,0,0,0,0,0,0,0,0,0,0,0,0,0,0,0,0,0,-48,0,0,0,0,0,-48,0,0,0,0,0,0,-74,0,0,0,0,0,0,0,-83,0,0,0,-47,0,-48,-79,0,0,0,0
19,10,3,0,0,0,0,0,0,-51,-60,0,0,0,0,0,0,0,0,0,0,0,0,0,0,0,0,0,0,0,0,0,0,0,0,0,-59,0,0,0,0,0,-59,0,0,0,0,0,0,-74,0,0,0,0,0,0,0,-83,0,0,0,-59,0,-59,-77,0,0,0,0
20,10,0,0,0,0,0,0,0,-59,-48,0,0,0,0,0,0,0,0,0,0,0,0,0,0,0,0,0,0,0,0,0,0,0,0,0,-48,0,0,0,0,0,-48,0,0,0,0,0,0,-74,0,0,0,0,0,0,0,-78,0,0,0,-48,0,-48,-77,0,0,0,0
20,10,1,0,0,0,0,0,0,-46,-49,0,0,0,0,0,0,0,0,0,0,0,0,0,0,0,0,0,0,0,0,0,0,0,0,0,-49,0,0,0,0,0,-49,0,0,0,0,0,0,-82,0,0,0,0,0,0,0,-85,0,0,0,-49,0,-49,-84,0,0,0,0
20,10,2,0,0,0,0,0,0,-52,-53,0,0,0,0,0,0,0,0,0,0,0,0,0,0,0,0,0,0,0,0,0,0,0,0,0,-53,0,0,0,0,0,-53,0,0,0,0,0,0,-82,0,0,0,0,0,0,0,-79,0,0,0,-53,0,-53,-84,0,0,0,0
20,10,3,0,0,0,0,0,0,-55,-53,0,0,0,0,0,0,0,0,0,0,0,0,0,0,0,0,0,0,0,0,0,0,0,0,0,-53,0,0,0,0,0,-53,0,0,0,0,0,0,-86,0,0,0,0,0,0,0,-82,0,0,0,-53,0,-65,-84,0,0,0,0
20,10,3,0,0,0,0,0,0,-55,-53,0,0,0,0,-85,0,0,0,0,0,0,0,0,0,-84,0,0,0,0,0,0,0,0,0,0,-53,0,0,0,0,0,-53,0,0,0,0,0,0,-72,0,0,0,0,0,0,0,-75,0,0,0,-53,0,-65,-85,0,0,0,0
18,3,0,0,0,0,0,0,0,0,0,0,-84,0,0,-85,0,0,0,0,0,0,0,0,-77,-86,0,0,0,0,0,0,0,0,0,0,0,0,0,-85,0,0,0,0,0,0,0,0,0,-59,0,0,0,-77,0,0,-89,-72,0,0,0,0,0,0,0,0,-83,-78,-89
18,3,1,0,0,0,0,0,0,0,0,0,0,0,0,0,0,0,0,0,0,0,0,0,-77,0,0,0,0,0,0,0,0,0,0,0,0,0,0,0,0,0,0,0,0,0,0,0,0,-54,0,0,0,-77,0,0,0,-73,0,0,0,0,0,0,0,0,-83,-78,0
18,3,2,0,0,0,0,0,0,-70,0,0,0,0,0,0,0,0,0,0,0,0,0,0,-77,0,0,0,0,0,0,0,0,0,0,0,0,0,0,0,0,0,0,0,0,0,0,0,0,-58,0,0,0,-77,0,0,0,-77,0,0,0,0,0,-70,0,0,-83,-78,0
18,3,3,0,0,0,0,0,0,-70,0,-72,0,-72,0,0,0,0,0,-72,0,0,-72,0,-80,0,0,0,0,0,0,0,0,0,0,0,0,0,-72,0,0,0,0,0,0,0,0,0,0,-60,0,0,0,-77,0,0,0,-73,-72,0,0,0,0,-70,0,0,-83,-78,0
18,3,3,0,0,0,0,0,0,-69,-68,-72,0,-72,0,0,0,0,0,-72,0,0,-72,0,-80,0,0,0,0,0,0,0,0,0,0,0,-68,0,-72,0,0,0,-68,0,0,0,0,0,0,-63,0,0,0,0,0,0,0,-77,-72,0,0,-69,0,-69,-79,0,-83,-92,0
18,4,0,0,0,0,0,0,0,-73,-68,-71,0,-70,0,0,0,0,0,-71,0,0,-70,0,-80,0,0,0,0,0,0,0,0,0,0,0,-68,0,-71,0,0,0,-68,0,0,0,0,0,0,-60,0,0,0,0,0,0,0,-75,-70,0,0,-69,0,-69,-79,0,-83,-92,0
18,4,1,0,0,0,0,0,0,-73,-68,-72,0,-72,0,0,0,0,0,-72,0,0,-70,0,0,0,0,0,-82,0,0,0,0,0,0,0,-68,0,-72,0,0,0,-68,0,0,0,0,0,0,-55,0,0,0,0,0,0,0,-75,-72,0,0,-69,0,-69,-79,0,-83,-92,0
18,4,2,0,0,0,0,0,0,-73,-71,-67,0,-68,0,0,0,0,0,-68,0,0,-67,0,0,0,0,0,-82,0,0,0,0,0,0,0,0,0,-68,0,0,0,0,0,0,0,0,0,0,-59,0,0,0,0,0,0,0,-75,-67,0,0,0,0,0,-79,0,-83,0,0
18,4,3,0,0,0,0,0,0,0,-71,-67,0,-68,0,0,0,0,0,-68,0,0,-67,0,0,0,0,0,-82,0,0,0,0,0,0,0,0,0,-68,0,0,0,0,0,0,0,0,0,0,-61,0,0,0,0,0,0,0,-78,-67,0,0,0,0,0,-75,0,-83,0,0
18,5,0,0,0,0,0,0,0,0,-71,-67,0,-68,0,0,0,0,0,-68,0,0,-67,0,-82,0,0,0,-82,0,0,0,0,0,0,0,0,0,-68,0,0,0,0,0,0,0,0,0,0,-62,0,0,0,-81,0,0,0,-79,-67,0,0,0,0,0,-82,0,-83,-82,0
18,5,1,0,0,0,0,0,0,0,0,0,0,0,0,0,0,0,0,0,0,0,0,0,-82,0,0,0,0,0,0,0,0,0,0,0,0,0,0,0,0,0,0,0,0,0,0,0,0,-62,0,0,0,-81,0,0,0,-79,0,0,0,0,0,0,-82,0,-83,-82,0
18,5,2,0,0,0,0,0,0,0,0,0,0,0,0,0,0,0,0,0,0,0,0,0,-82,0,0,0,0,0,0,0,0,0,0,0,0,0,0,0,0,0,0,0,0,0,0,0,0,-63,0,0,0,-81,0,0,0,-79,0,0,0,0,0,0,-76,0,-83,-82,0
18,5,3,0,0,0,0,0,0,-69,0,0,0,0,0,0,0,0,0,0,0,0,0,0,-82,0,0,0,0,0,0,0,0,0,0,0,-68,0,0,0,0,0,-67,0,0,0,0,0,0,-68,0,0,0,-81,0,0,0,-79,0,0,0,-68,0,-68,-76,0,-83,-82,0
18,5,3,0,0,0,0,0,0,-65,-64,0,0,0,0,0,0,0,0,0,0,0,0,0,0,0,0,0,0,0,0,0,0,0,0,0,-64,0,0,0,0,0,-64,0,0,0,0,0,0,-61,0,0,0,-81,0,0,0,-88,0,0,0,-64,0,-64,-72,0,-83,0,0
18,6,0,0,0,0,0,0,0,-65,-64,0,0,0,0,0,0,0,0,0,0,0,0,0,0,0,0,0,0,0,0,0,0,0,0,0,-64,0,0,0,0,0,-64,0,0,0,0,0,0,-67,0,0,0,-81,0,0,0,-84,0,0,0,-64,0,-64,-73,0,-83,0,0
18,6,1,0,0,0,0,0,0,-63,-63,0,0,0,0,0,0,0,0,0,0,0,0,0,0,0,0,0,0,0,0,0,0,0,0,0,-64,0,0,0,0,0,-63,0,0,0,0,0,0,-68,0,0,0,0,0,0,0,-84,0,0,0,-63,0,-63,-74,0,-83,0,0
18,6,2,0,0,0,0,0,0,-63,-63,0,0,0,0,0,0,0,0,0,0,0,0,0,0,0,0,0,0,0,0,0,0,0,0,0,-66,0,0,0,0,0,-66,0,0,0,0,0,0,-68,0,0,0,0,0,0,0,-84,0,0,0,-66,0,-67,-76,0,-83,0,0
18,6,3,0,0,0,0,0,0,-63,-63,0,0,0,0,0,0,0,0,0,0,0,0,0,0,0,0,0,0,0,0,0,0,0,0,0,-66,0,0,0,0,0,-66,0,0,0,0,0,0,-70,0,0,0,0,0,0,0,0,0,0,0,-66,0,-67,-76,0,-83,0,0
18,7,0,0,0,0,0,0,0,-64,-64,0,0,0,0,0,0,0,0,0,0,0,0,0,0,0,0,0,0,0,0,0,0,0,0,0,-64,0,0,0,0,0,-64,0,0,0,0,0,0,-60,0,0,0,0,0,0,0,-86,0,0,0,-63,0,-64,-71,0,-88,0,0
18,7,1,0,0,0,0,0,0,-56,-56,0,0,0,0,0,0,0,0,0,0,0,0,0,0,0,0,0,0,0,0,0,0,0,0,0,-57,0,0,0,0,0,-56,0,0,0,0,0,0,-58,0,0,0,0,0,0,0,-86,0,0,0,-56,0,-57,-73,0,-85,0,0
18,7,2,0,0,0,0,0,0,-57,-57,0,0,0,0,0,0,0,0,0,0,0,0,0,0,0,0,0,0,0,0,0,0,0,0,0,-57,0,0,0,0,0,-57,0,0,0,0,0,0,-63,0,0,0,0,0,0,0,-86,0,0,0,-56,0,-57,-77,0,-85,0,0
18,7,3,0,0,0,0,0,0,-59,-60,0,0,0,0,0,0,0,0,0,0,0,0,0,0,0,0,0,0,0,0,0,0,0,0,0,-60,0,0,0,0,0,-60,0,0,0,0,0,0,-72,0,0,0,0,0,0,0,-86,0,0,0,-60,0,-60,-78,0,-85,0,0
18,8,0,0,0,0,0,0,0,-55,-55,0,0,0,0,0,0,0,0,0,0,0,0,0,0,0,0,0,0,0,0,0,0,0,0,0,-55,0,0,0,0,0,-55,0,0,0,0,0,0,-62,0,0,0,0,0,0,0,-79,0,0,0,-55,0,-55,-74,0,-85,0,0
18,8,1,0,0,0,0,0,0,-53,-53,0,0,0,0,0,0,0,0,0,0,0,0,0,0,0,0,0,0,0,0,0,0,0,0,0,-54,0,0,0,0,0,-54,0,0,0,0,0,0,-58,0,0,0,0,0,0,0,-82,0,0,0,-54,0,-54,-72,0,-85,0,0
18,8,2,0,0,0,0,0,0,-89,-53,0,0,0,0,0,0,0,0,0,0,0,0,0,0,0,0,0,0,0,0,0,0,0,0,0,-53,0,0,0,0,0,-53,0,0,0,0,0,0,-60,0,0,0,0,0,0,0,-82,0,0,0,-53,0,-53,-69,0,-85,0,0
18,8,3,0,0,0,0,0,0,-89,-48,0,0,0,0,0,0,0,0,0,0,0,0,0,0,0,0,0,0,0,0,0,0,0,0,0,-48,0,0,0,0,0,-48,0,0,0,0,0,0,-64,0,0,0,-84,0,0,0,-82,0,0,0,-48,0,-48,-70,0,0,0,0
18,9,0,0,0,0,0,0,0,-42,-46,0,0,0,0,0,0,0,0,0,0,0,0,0,0,0,0,0,0,0,0,0,0,0,0,0,-46,0,0,0,0,0,-46,0,0,0,0,0,0,-67,0,0,0,-84,0,0,0,0,0,0,0,-46,0,-46,-71,0,0,0,0
18,9,1,0,0,0,0,0,0,-41,-46,0,0,0,0,0,0,0,0,0,0,0,0,0,0,0,0,0,0,0,0,0,0,0,0,0,-46,0,0,0,0,0,-45,0,0,0,0,0,0,-71,0,0,0,0,0,0,0,0,0,0,0,-46,0,-46,-75,0,0,0,0
18,9,2,0,0,0,0,0,0,-45,-42,0,0,0,0,0,0,0,0,0,0,0,0,0,0,0,0,0,0,0,0,0,0,0,0,0,-42,0,0,0,0,0,-41,0,0,0,0,0,0,-67,0,0,0,0,0,0,0,0,0,0,0,-42,0,-42,-71,0,0,0,0
18,9,3,0,0,0,0,0,0,-45,-49,0,0,0,0,0,0,0,0,0,0,0,0,0,0,0,0,0,0,0,0,0,0,0,0,0,-49,0,0,-85,0,0,-49,0,0,0,0,0,0,-69,0,0,0,0,0,0,0,0,0,0,-84,-49,0,-49,-72,0,-83,0,0
18,9,3,0,0,0,0,0,0,-45,-49,0,0,0,0,0,0,0,0,0,0,-76,0,0,-77,0,0,0,-66,0,0,0,0,0,0,0,-49,0,0,-85,0,0,-49,0,0,0,0,0,0,-80,0,0,0,-76,0,0,0,0,0,-80,-84,-49,0,-49,-72,0,-83,-79,0
18,9,3,0,0,0,-68,0,0,-45,0,0,0,0,0,-83,-67,0,0,0,-68,-76,0,0,-77,-83,0,0,-60,0,0,-68,0,0,0,0,0,0,0,0,0,0,0,0,0,0,0,-68,-68,-71,0,0,0,-62,-68,0,0,0,0,-80,0,0,0,0,-79,0,-62,-79,0
18,9,3,0,0,0,0,0,0,0,0,0,-75,0,0,0,0,0,0,0,0,0,0,0,0,0,0,0,-66,0,0,0,0,0,0,0,0,0,0,0,0,0,0,0,0,0,0,0,0,-87,-76,0,0,0,0,0,0,0,0,0,0,0,0,0,0,0,-62,0,0
10,1,0,0,0,0,0,0,0,0,0,0,-75,0,0,0,0,0,0,0,0,0,0,0,0,0,0,0,-70,0,0,0,0,0,0,0,0,0,0,-52,0,0,0,0,0,0,0,0,0,-74,-76,0,0,-52,0,0,0,0,0,0,-52,0,0,0,0,0,-62,-52,0
10,1,1,0,0,0,0,0,0,0,0,0,0,0,0,0,0,0,0,0,-73,0,0,0,-58,0,0,0,-72,0,0,0,0,0,0,0,0,0,0,-56,0,0,0,0,0,0,0,0,-73,-75,0,0,0,-56,0,0,0,0,0,0,-56,0,0,0,0,0,-54,-56,0
10,1,2,0,0,0,0,0,0,0,0,0,-73,0,0,0,0,0,0,0,-73,0,0,0,-62,-72,0,0,-71,0,0,0,0,0,0,0,0,0,0,-60,0,0,0,0,0,0,0,0,-73,-76,0,0,0,-61,0,0,0,0,0,0,-61,0,0,0,-80,0,-64,-61,0
10,1,3,0,0,0,0,0,0,0,0,0,-76,0,0,0,0,0,0,0,-73,0,0,0,-56,-72,0,0,-61,0,0,0,0,0,0,0,0,0,0,-55,0,0,0,0,0,0,0,0,-73,-75,-78,0,0,-56,0,0,0,0,0,0,-56,0,0,0,-80,0,-64,-55,0
10,1,3,0,0,0,0,0,0,0,0,0,-76,0,0,0,0,0,0,0,-73,-84,0,0,-56,-72,0,-72,-55,0,0,0,0,0,0,0,0,0,0,-55,0,0,0,0,0,0,0,0,-73,-81,-78,0,0,-56,0,0,0,0,0,-79,-56,0,0,0,-81,0,-64,-52,0
11,1,0,0,0,0,0,0,0,0,0,0,0,0,0,-81,0,0,0,0,0,-84,0,0,-53,0,0,-72,-63,0,0,0,0,0,0,0,0,0,0,-53,0,0,0,0,0,0,0,0,0,-77,0,0,0,-53,0,0,0,0,0,-79,-53,0,0,0,-81,0,-52,-53,0
11,1,1,0,0,0,0,0,0,0,0,0,-80,0,0,-81,0,0,0,0,0,-77,0,0,-57,-77,0,0,-61,0,0,0,0,0,0,0,0,0,0,-57,0,0,0,0,0,0,0,0,0,-77,0,0,0,-57,0,0,0,0,0,0,-57,0,0,0,0,0,-53,-57,0
11,1,2,0,0,0,0,0,0,0,0,0,-80,0,0,-81,0,0,0,0,0,-77,0,0,-60,-77,0,0,-56,0,0,0,0,0,0,0,0,0,0,-60,0,0,0,0,0,0,0,0,0,-77,0,0,0,-60,0,0,0,0,0,-77,-60,0,0,0,0,0,-57,-62,0
11,1,3,0,0,0,0,0,0,0,0,0,-75,0,0,-74,0,0,0,0,0,-77,0,0,-54,-74,0,0,-53,0,0,0,0,0,-75,0,0,0,0,-54,0,0,0,0,0,0,0,0,0,-77,-74,0,0,-54,0,0,0,0,0,-79,-54,0,0,0,0,0,-61,-54,0
12,1,0,0,0,0,0,0,0,0,0,0,-75,0,0,-74,0,0,0,0,0,-76,0,0,-54,-74,0,-78,-65,-70,0,0,0,0,-78,0,0,0,0,-55,0,0,0,0,0,0,-70,0,0,-80,-79,0,0,-55,0,0,0,0,0,-79,-55,0,0,0,-78,0,-57,-55,0
12,1,1,0,0,0,0,0,0,0,0,0,0,0,0,0,0,0,0,0,0,-76,0,0,-61,-74,0,-78,-53,-70,-68,0,0,-67,-78,0,0,0,0,-55,0,0,0,0,0,0,-70,0,0,-79,-79,0,0,-60,0,0,0,0,0,0,-60,0,0,0,-78,0,-57,-59,0
12,1,2,0,0,0,0,0,0,0,0,0,0,0,0,0,0,0,0,0,0,-76,0,0,-61,-74,0,-78,-52,-70,-68,0,0,-67,-78,0,0,0,0,-55,0,0,0,0,0,0,-70,0,0,-83,-82,0,0,-62,0,0,0,0,0,-78,-62,0,0,0,-78,0,-58,-61,0
12,1,3,0,0,0,0,0,0,0,0,0,0,0,0,-78,0,0,0,0,0,-76,0,0,-57,-74,0,-78,-61,-70,-68,0,0,-67,-78,0,0,0,0,-55,0,0,0,0,0,0,-70,0,0,-83,-82,0,0,-58,0,0,0,0,0,-78,-58,0,0,0,-78,0,-68,-58,0
12,3,0,0,-69,0,0,0,0,0,0,0,0,0,0,-78,0,0,0,0,0,-76,0,0,-57,0,0,0,-59,-70,-69,0,0,-67,0,0,0,0,0,-52,0,0,0,0,0,0,-69,0,0,-78,-82,-69,0,-58,0,0,0,0,0,-81,-52,0,0,0,0,0,-68,-58,0
12,3,1,0,-69,0,-68,0,0,0,0,0,0,0,0,0,0,0,0,0,-68,0,0,0,-68,0,0,0,-51,-70,-69,-68,0,0,0,0,0,0,0,-52,0,0,0,0,0,0,-69,-68,-69,-72,0,-69,0,0,-68,0,0,0,0,-82,-64,0,0,0,0,0,-68,0,0
12,3,2,0,-69,0,-68,0,0,0,0,0,0,0,0,0,0,0,0,0,-68,0,0,0,-64,0,0,0,-58,-70,-72,-68,0,0,0,0,0,0,0,-60,0,0,0,0,0,0,-70,-68,-69,-75,0,-69,0,-63,-69,0,0,0,0,-82,-63,0,0,0,0,0,-65,-63,0
12,3,3,0,-69,0,-68,0,0,0,0,0,0,0,0,0,0,0,0,0,-68,0,0,0,-58,0,0,0,-55,-70,-72,-68,0,0,0,0,0,0,0,-57,0,0,0,0,0,0,-70,-68,-69,-75,0,-69,0,-57,-69,0,0,0,0,-82,-58,0,0,0,0,0,-67,-58,0
12,3,3,0,-66,0,-68,0,0,0,0,0,0,0,0,0,0,0,-67,0,-68,-80,0,0,-59,0,-68,0,-54,-67,-67,-68,0,-67,0,0,0,-68,0,-58,-86,0,0,0,0,0,-66,-70,-68,-75,0,-66,0,-57,-68,0,0,0,0,-82,-60,0,-68,0,0,-68,-56,-59,0
11,3,0,0,-66,0,-68,0,0,0,0,0,0,0,0,0,0,0,-67,0,-68,-80,0,0,-56,0,-68,0,-65,-67,-67,-68,0,-67,0,0,0,-68,0,-56,-86,0,0,0,0,0,-66,-70,-70,-75,0,-66,0,-56,-68,0,0,0,0,0,-56,0,-68,0,-74,-68,-70,-56,0
11,3,1,-70,-66,0,-68,0,0,0,0,0,0,0,0,0,0,0,-67,0,-68,-80,0,-71,-62,0,-68,0,-55,-66,-66,-69,0,-66,0,0,0,-68,0,-56,-86,0,0,0,0,0,-66,-69,-69,-74,0,-66,0,-63,-68,0,0,0,0,0,-56,0,-68,0,-76,-68,-57,-56,0
11,3,2,-70,-67,0,0,0,0,0,0,0,0,0,0,0,-69,0,0,0,0,0,0,-71,-70,0,0,0,-51,-66,-66,-70,0,-66,0,0,0,0,0,-69,0,-70,0,0,0,0,-67,-69,-69,-75,0,-66,0,-71,-68,0,0,0,0,-79,-70,0,0,0,-73,0,-61,-69,0
11,3,3,-70,-63,0,0,0,0,0,0,0,0,0,0,0,-69,0,0,0,0,0,0,-71,-58,0,0,0,-63,-63,-62,-70,0,-63,0,0,0,0,0,-58,0,-70,0,0,0,0,-63,-69,-69,-82,0,-62,0,-59,-68,0,0,0,0,-79,-58,0,0,0,-73,0,-70,-58,0
10,3,0,0,-63,0,0,0,0,0,0,0,0,0,0,0,-69,0,0,0,0,0,0,-69,-58,0,0,0,-66,-63,-62,-70,0,-63,0,0,0,0,0,-58,0,-70,0,0,0,0,-63,-69,0,-71,0,-62,0,-55,0,0,0,0,0,-79,-58,0,0,0,-71,0,-56,-58,0
10,3,1,0,0,0,0,0,0,0,0,0,0,0,0,0,0,0,0,0,0,0,0,-69,-64,0,0,0,-69,0,0,0,0,0,0,0,0,0,0,-64,0,0,0,0,0,0,0,-69,0,-67,0,0,0,-61,0,0,0,0,0,0,-64,0,0,0,-76,0,-55,-64,0
10,3,2,0,0,0,0,0,0,0,0,0,0,0,-63,0,-64,0,0,0,0,0,0,-64,-64,0,0,0,-65,0,0,0,0,0,0,0,0,0,0,-64,0,0,0,0,0,0,0,-69,-71,-68,0,0,0,-63,0,0,0,0,0,0,-64,0,0,0,-75,0,-64,-64,0
10,3,3,0,0,0,-70,0,0,0,0,0,0,0,-63,0,-64,0,0,0,-71,0,0,-64,-60,0,0,0,-58,0,0,-70,0,0,0,0,0,0,0,-60,0,0,0,0,0,0,0,-70,-70,-72,0,0,0,-61,0,0,0,0,0,0,-61,0,0,0,-75,0,-65,-61,0
10,3,3,-67,0,0,-66,0,0,0,0,0,0,0,-66,0,-66,0,0,0,-67,0,0,-65,-60,0,0,0,-62,0,0,-66,0,0,0,0,0,0,0,-61,0,-67,0,0,0,-67,0,-66,-66,-65,0,0,0,-61,-66,0,0,0,0,0,-61,0,0,0,-75,0,-65,-61,0
10,4,0,-67,0,0,-55,0,0,0,0,0,0,0,-66,0,-66,0,0,0,-56,0,0,-65,-60,0,0,0,-60,0,0,-56,0,0,0,0,0,0,0,-58,0,-67,0,0,0,-67,0,-56,-56,-74,0,0,0,-61,-55,0,0,0,0,0,-61,0,0,0,-75,0,-65,-61,0
10,4,1,0,-66,0,-63,0,0,0,0,0,0,0,0,0,0,0,0,0,-64,0,0,0,-60,0,0,0,-58,0,0,-64,0,0,0,0,0,0,0,-62,0,0,0,0,0,0,0,-64,-64,-70,0,0,0,-63,-63,0,0,0,0,-78,-62,0,0,0,-75,0,-61,-62,0
10,4,2,-64,-68,0,-59,0,0,0,0,0,0,0,0,0,0,0,0,0,-59,0,0,0,-68,0,0,0,-54,-69,-69,-59,0,-69,0,0,0,0,0,-68,0,0,0,0,0,0,-69,-59,-59,-65,0,-69,0,-63,-59,0,0,0,0,-77,-69,0,0,0,-68,0,-59,-62,0
10,4,3,-64,-64,0,-61,0,0,0,0,0,0,0,0,0,0,0,0,0,-61,0,0,0,-59,0,0,0,-54,-63,-64,-59,0,-63,0,0,0,0,0,-59,0,0,0,0,0,0,-69,-61,-61,-65,0,-63,0,-58,-62,0,0,0,0,-80,-59,0,0,0,-72,0,-63,-58,0
11,4,0,-65,-66,0,-66,0,0,0,0,0,0,0,-65,0,-65,0,0,0,-67,0,0,-65,-59,0,0,0,-64,-65,-66,-67,0,-66,0,0,0,0,0,-58,0,-65,0,0,0,-65,-65,-67,-66,-68,0,-66,0,-58,-67,0,0,0,0,-80,-59,0,0,0,-75,0,-63,-58,0
11,4,1,-65,-59,0,-64,0,0,0,0,0,0,0,-65,0,-65,0,0,0,-64,-82,0,-65,-63,0,-69,0,-52,-59,-59,-64,0,-59,0,0,0,0,0,-61,0,-65,0,0,0,-65,-59,-64,-64,-68,0,-59,0,-62,-64,0,0,0,0,-76,-61,0,0,0,-75,0,-58,-62,0
11,4,2,-65,-67,0,-62,0,0,0,0,0,0,0,-65,0,-65,0,0,0,-62,-82,0,-65,-69,0,-69,0,-48,-59,-59,-62,0,-67,0,0,0,0,0,-72,0,-64,0,0,0,-65,-59,-62,-62,-72,0,-59,0,-69,-62,0,0,0,0,-76,-68,0,0,0,-75,0,-58,-68,0
11,4,3,-65,-67,0,-58,0,0,0,0,0,0,0,-65,0,-65,0,0,0,-58,-82,0,-65,-61,0,-69,0,-57,-65,-59,-58,0,-67,0,0,0,0,0,-60,0,-64,0,0,0,-65,-59,-58,-58,-71,0,-59,0,-69,-58,0,0,0,0,-76,-58,0,0,0,-75,0,-59,-58,0
12,4,0,-65,-67,0,-58,0,0,0,0,0,0,0,0,0,0,0,0,0,-58,-82,0,0,-49,0,-69,-79,-59,-65,-59,-58,0,-67,0,0,0,0,0,-60,0,-64,0,0,0,0,-59,-58,-58,-74,0,-59,0,-69,-58,0,0,0,0,-76,-49,0,0,0,0,0,-59,-49,0
12,4,1,0,0,0,0,0,0,0,0,0,0,0,0,0,0,0,0,0,0,0,0,0,-60,0,0,-79,-51,0,0,0,0,0,0,0,0,-73,0,-63,0,0,0,0,0,0,0,0,0,-67,0,0,0,-63,0,-71,0,0,0,-76,-60,0,0,0,-84,0,-54,-60,0
12,4,2,-69,0,0,-60,0,0,0,0,0,0,0,0,0,-69,0,0,0,-60,0,0,0,-60,0,0,-79,-50,0,0,-59,0,0,0,0,0,-73,0,-63,0,0,0,0,0,0,0,-59,-60,-66,0,0,0,-63,-60,-71,0,0,0,-75,-69,0,0,0,-80,0,-51,-60,0
12,4,3,-69,0,0,-60,0,0,0,0,0,0,0,0,0,-69,0,0,0,-60,0,0,0,-53,0,0,-79,-55,0,0,-59,0,0,0,0,0,-73,0,-54,0,0,0,0,0,0,0,-59,-60,-66,0,0,0,-54,-60,-71,0,0,0,-80,-55,0,0,0,-80,0,-63,-53,0
12,4,3,-69,0,0,-60,0,0,0,0,0,0,0,0,0,-69,0,0,0,-60,-75,0,0,-53,0,0,0,-52,0,0,-59,0,0,0,0,0,-73,0,-54,0,0,0,0,0,0,0,-59,-60,-78,0,0,0,-54,-60,-71,0,0,0,-80,-55,0,0,0,-80,0,-63,-53,0
9,5,0,0,-70,0,0,0,0,-70,0,0,0,0,-70,0,0,0,0,0,0,-75,0,0,-72,0,0,0,-61,-70,-70,0,0,-70,0,0,0,0,0,-72,0,0,0,0,0,0,-70,0,0,-68,0,-70,0,-73,0,0,0,0,0,0,-73,0,0,0,-66,0,-72,-73,0
9,5,1,0,-67,0,-71,0,0,-70,0,0,0,0,-70,0,0,0,0,0,-71,-78,0,0,-74,0,0,0,-53,-67,-67,-71,0,-67,0,0,0,0,0,-73,0,0,0,0,-68,0,-68,0,-72,-75,0,-67,0,-73,-72,0,0,0,0,0,-73,0,0,0,-66,0,-74,-73,0
9,5,2,0,-67,0,-71,0,0,-70,0,0,0,0,-70,0,0,0,0,0,-71,-78,0,0,-75,0,0,0,-49,-67,-67,-71,0,-67,0,0,0,0,0,-73,0,0,0,0,-68,0,-68,0,-72,-70,0,-67,0,-76,-72,0,0,0,0,0,-73,0,0,0,-66,0,-74,-73,0
9,5,3,-65,-64,0,-63,0,0,0,0,0,0,0,-70,0,-65,0,0,0,-63,-77,0,-66,-75,0,0,0,-58,-64,-64,-63,0,-64,0,0,0,0,0,-73,0,-66,0,0,-68,-65,-64,-62,-64,-70,0,-64,0,-76,-64,0,0,0,0,0,-73,0,0,0,-77,0,-75,-73,0
10,5,0,-65,-64,0,-61,0,0,0,0,0,0,0,-63,0,-65,0,0,0,-61,-77,0,-66,-68,0,0,0,-56,-69,-69,-61,0,-69,0,0,0,0,0,-68,0,-65,0,0,0,-65,-64,-61,-61,-66,0,-70,0,-68,-61,0,0,0,0,0,-68,0,0,0,-67,0,-69,-68,0
10,5,1,-65,-63,0,-69,0,0,0,0,0,0,0,-66,0,-65,0,0,0,-69,-82,0,-66,-68,0,0,0,-56,-64,-64,-69,0,-64,0,0,0,0,0,-68,0,-65,0,0,0,-65,-63,-61,-61,-69,0,-64,0,-68,-69,0,0,0,0,-69,-68,0,0,0,-73,0,-71,-68,0
10,5,2,-65,-65,0,-69,0,0,0,0,0,0,0,-73,0,-65,0,0,0,-69,-75,0,-66,-71,0,0,0,-49,-65,-66,-69,0,-65,0,0,0,0,0,-68,-88,-65,0,0,0,-65,-66,-61,-61,-62,0,-65,0,-71,-69,0,0,0,0,-76,-71,0,0,0,-68,0,-71,-71,0
10,5,3,-65,-69,0,-64,0,0,0,0,0,0,0,-66,0,-62,0,0,0,-64,-75,0,-62,-63,0,0,0,-54,-65,-66,-64,0,-69,0,0,0,0,0,-60,-88,-62,0,0,0,-62,-69,-63,-63,-66,0,-69,0,-63,-64,0,0,0,0,-76,-63,0,0,0,-74,0,-63,-63,0
11,5,0,-59,-69,0,-64,0,0,0,0,0,0,0,-62,0,-59,0,0,0,-64,-75,0,-59,-57,0,0,0,-58,-74,-66,-63,0,-69,0,0,-65,0,0,-60,-88,-59,0,0,0,-59,-69,-62,-64,-68,0,-69,0,-57,-64,0,0,0,0,-75,-63,0,0,0,-75,0,-63,-63,0
11,5,1,-59,0,0,-64,0,0,0,0,0,0,0,-59,0,-59,0,0,0,-64,0,0,-59,-64,0,0,0,-53,-74,-68,-63,0,0,0,0,-65,0,0,-65,0,-59,0,0,0,-59,0,-62,-64,-71,0,0,0,-63,-64,0,0,0,0,-74,-64,0,0,0,-75,0,-65,-64,0
11,5,2,-60,-72,0,-64,0,0,0,0,0,0,0,-67,0,-60,0,0,0,-67,0,0,-59,-65,0,0,0,-49,-73,-68,-67,0,-72,0,0,-65,0,0,-65,0,-60,0,0,0,-60,0,-66,-68,-63,0,0,0,-65,-67,0,0,0,0,-76,-65,0,0,0,-75,0,-65,-65,0
11,5,3,-60,-72,0,-60,0,0,0,0,0,0,0,-67,0,-59,0,0,0,-61,0,0,-59,-65,0,0,0,-57,-73,-68,-61,0,-72,0,0,-65,0,0,-65,0,-59,0,0,0,-60,0,-61,-61,-67,0,0,0,-65,-61,0,0,0,0,-77,-65,0,0,0,-71,0,-66,-65,0
12,5,0,-60,-72,0,-62,0,0,-67,-66,0,0,0,-60,0,-65,0,0,0,-62,0,0,-59,-57,0,0,0,-56,-73,-68,-62,0,-72,0,0,-66,0,0,-57,0,-59,-67,0,0,-60,0,-62,-62,-63,0,0,0,-57,-62,0,0,0,0,-77,-57,0,0,0,-75,0,-57,-57,0
12,5,1,-60,0,0,-65,0,0,-67,-66,0,0,0,-60,0,-65,0,0,0,-65,0,0,-59,-61,0,0,0,-50,0,0,-64,0,0,0,0,-66,0,0,-61,0,-59,-67,0,0,-60,0,-65,-65,-69,0,0,0,-61,-65,0,0,0,0,-76,-61,0,0,0,-75,0,-61,-61,0
12,5,2,-62,0,0,-64,0,0,-67,-66,0,0,0,-66,0,-62,0,0,0,-64,0,0,-62,-61,0,0,0,-51,0,0,-64,0,0,0,0,-66,0,0,-68,0,-62,-67,0,0,-62,0,-64,-65,-64,0,0,0,-61,-64,0,0,0,0,-76,-68,0,0,0,-77,0,-68,-61,0
12,5,3,-62,0,0,-62,0,0,-67,-66,0,0,0,-61,0,-61,0,0,0,-62,0,0,-62,-55,0,0,0,-55,0,0,-62,0,0,0,0,-66,0,0,-68,0,-61,-67,0,0,-62,0,-62,-62,-60,0,0,0,-61,-62,0,0,0,0,-76,-68,0,0,0,-77,0,-68,-56,0
13,5,0,-61,-72,0,-70,0,0,0,0,0,0,0,-60,0,-61,0,0,0,-70,0,0,-61,-55,0,0,0,-54,-73,-74,-70,0,-74,0,0,0,0,0,-68,0,-61,0,0,0,-62,0,-70,-70,-63,0,0,0,-61,-70,0,0,0,0,-83,-68,0,0,0,-71,0,-68,-56,0
13,5,1,-61,-72,0,-70,0,0,0,0,0,0,0,-60,0,-61,0,0,0,-70,0,0,-61,-55,0,0,0,-51,-73,-74,-68,0,-74,0,0,0,0,0,0,0,-61,0,0,0,-62,0,-70,-67,-70,0,-72,0,0,-70,0,0,0,0,-80,-75,0,0,0,-71,0,0,-56,0
13,5,2,-61,-72,0,-68,0,0,0,0,0,0,0,-60,0,-61,0,0,0,-69,0,0,-65,-72,0,0,0,-61,-73,-74,-68,0,-74,0,0,0,0,0,-72,0,-61,-75,0,0,-62,0,-69,-68,-62,0,-72,0,-72,-69,0,0,0,0,-80,-72,0,0,0,-79,0,-71,-72,0
13,5,3,-57,-72,0,-64,0,0,0,0,0,0,0,-66,0,-57,0,0,0,-63,-79,0,-65,-71,0,0,0,-56,-73,-74,-63,0,-74,0,0,0,0,0,-71,0,-57,-75,0,0,-62,0,-63,-63,-63,0,-72,0,-71,-63,0,0,0,0,-76,-71,0,0,0,-76,0,-71,-71,0
14,5,0,-57,0,0,-68,0,0,0,0,0,0,0,-66,0,-57,0,0,0,-68,-79,0,-65,-71,0,0,0,-56,0,0,-68,0,0,0,0,0,0,0,-71,0,-57,-75,0,0,0,0,-68,-68,-60,0,0,0,-71,-68,0,0,0,0,-76,-72,0,0,0,-76,0,-71,-72,0
14,5,1,0,0,0,-68,0,0,0,0,0,0,0,-67,0,0,0,0,0,-68,0,0,-61,-68,0,0,0,-53,0,0,-68,0,0,0,0,0,0,0,0,0,0,0,0,0,-61,0,-68,-68,-60,0,0,0,-71,-68,0,0,0,0,-80,-72,0,0,0,0,0,0,-72,0
14,5,2,0,0,0,-70,0,0,0,0,0,0,0,-61,0,0,0,0,0,-68,0,0,-61,-74,0,0,0,-55,0,0,-70,0,0,0,0,0,0,0,0,0,0,0,0,0,-61,0,-68,-70,-58,0,0,0,-75,-68,0,0,0,0,-81,-72,0,0,0,0,0,0,-72,0
14,5,3,0,0,0,-70,0,0,0,0,0,0,0,-61,0,0,0,0,0,0,0,0,-61,-74,0,0,0,-58,0,0,-70,0,0,0,0,0,0,0,0,0,0,0,0,0,-61,0,0,-70,-56,0,0,0,-73,0,0,0,0,0,-81,0,0,0,0,0,0,0,0,0
9,6,0,0,-69,0,-69,0,0,0,0,0,0,0,-61,0,0,0,0,0,-69,0,0,-61,-74,0,0,0,-56,-69,-70,-69,0,-70,0,0,0,0,0,0,-83,0,0,0,0,-61,-69,-69,-69,-73,0,-69,0,-70,-69,0,0,0,0,-81,0,0,0,0,-80,0,-71,0,0
9,6,1,0,-69,-69,-69,0,-68,0,0,0,0,0,-61,0,0,0,0,0,-69,-82,0,0,-71,0,0,0,-44,-66,-66,-69,0,-66,0,0,0,0,0,0,-83,0,0,0,-69,0,-66,-69,-69,-73,0,-66,0,-70,-69,0,0,0,0,0,-71,0,0,0,-80,0,-73,-71,0
9,6,2,0,-69,-69,-65,0,-68,0,0,0,0,0,0,0,0,0,0,0,-65,-82,0,0,-71,0,0,0,-45,-65,-65,-65,0,-65,0,0,0,0,0,-75,-83,0,0,0,-69,0,-66,-65,-65,-67,0,-65,0,-74,-65,0,0,0,0,0,-71,0,0,0,-80,0,-77,-71,0
9,6,3,-66,-67,-69,-61,0,-68,0,0,0,0,0,-66,0,-65,0,0,0,-61,-82,0,-65,-71,0,0,0,-49,-66,-66,-61,0,-66,0,0,0,0,0,-73,-83,-66,0,0,-69,-66,-66,-61,-61,-67,0,-65,0,-74,-61,0,0,0,0,-75,-72,0,0,0,0,0,-72,-71,0
10,6,0,-66,-67,-69,-61,0,-68,0,0,0,0,0,-66,0,-65,0,0,0,-61,-82,0,-65,-63,0,0,0,-52,-66,-66,-61,0,-66,0,0,0,0,0,-64,-83,-66,0,0,-69,-66,-66,-65,-65,-69,0,-65,0,-74,-61,0,0,0,0,-75,-64,0,0,0,-74,0,-64,-61,0
10,6,1,-66,-67,0,-68,0,0,0,0,0,0,0,-66,0,-65,0,0,0,-67,0,0,-65,-62,0,0,0,-52,-68,-69,-66,0,-68,0,0,0,0,0,-62,-83,-66,0,0,0,-66,0,-65,-66,-70,0,-68,0,-62,-67,0,0,0,0,-75,-62,0,0,0,-74,0,-62,-61,0
10,6,2,-66,-67,0,-66,0,0,0,0,0,0,0,-66,0,-65,0,0,0,-66,0,0,-65,-66,0,0,0,-48,-68,-68,-66,0,-67,0,0,0,0,0,-66,-83,-68,0,0,0,-66,-68,-65,-66,-72,0,-68,0,-66,-66,0,0,0,0,-75,-66,0,0,0,-74,0,-64,-64,0
10,6,3,-61,-69,0,-62,0,0,0,0,0,0,0,-61,0,0,0,0,0,-62,0,0,-60,-60,0,0,0,-57,-69,-68,-62,0,-69,0,0,0,0,0,-61,0,-68,0,0,0,-63,-69,-62,-62,-65,0,-69,0,-61,-62,0,0,0,0,0,-59,0,0,0,-74,0,-67,-60,0
10,6,3,-61,-69,0,-63,0,0,0,0,0,0,0,-61,0,0,0,0,0,-64,0,0,-60,-60,0,0,0,-53,-69,-68,-63,0,-69,0,0,0,0,0,-60,0,-68,0,0,0,-63,-69,-64,-64,-75,0,-69,0,-61,-64,0,0,0,0,0,-59,0,0,0,-76,0,-67,-60,0
10,6,0,0,0,0,-65,0,0,0,0,0,0,0,0,0,0,0,0,0,-65,0,0,0,-58,0,0,0,-56,0,-69,-65,0,0,0,0,0,0,0,-60,0,0,0,0,0,0,0,-65,-65,-67,0,-69,0,0,-64,0,0,0,0,0,-58,0,0,0,-77,0,-67,-58,0
10,6,1,0,-68,-66,-65,0,-66,0,0,0,0,0,0,0,0,0,0,0,-65,-82,0,0,-65,0,0,0,-50,-68,-68,-65,0,-68,0,0,0,0,0,-66,0,0,0,0,-66,0,-68,-65,-65,-71,0,-68,0,-66,-64,-66,0,0,0,0,-65,0,0,0,-77,0,-58,-65,0
10,6,2,-66,-70,-66,-58,0,-66,-74,0,0,0,0,-66,0,0,0,0,0,-59,-82,0,0,-67,0,0,0,-47,-70,-70,-58,0,-70,0,0,0,0,0,-67,0,0,0,0,-66,-66,-70,-59,-58,-66,0,-70,0,-66,-58,-66,0,0,0,0,-67,0,0,0,-73,0,-58,-67,0
10,6,3,-66,-68,-66,-58,0,-66,-74,0,0,0,0,-66,0,0,0,0,0,-59,-82,0,0,-67,0,0,0,-50,-68,-68,-58,0,-68,0,0,0,0,0,-67,-82,0,0,0,-66,-66,-70,-59,-58,-70,0,-70,0,-63,-58,-66,0,0,0,0,-64,0,0,0,-73,0,-64,-67,0
11,6,0,-66,-68,-66,-61,0,-66,-74,0,0,0,0,-66,0,-65,0,0,0,-61,-82,0,0,-64,0,0,0,-55,-68,-68,-61,0,-68,0,0,0,0,0,-66,-82,-65,0,0,-66,-66,-70,-61,-61,-64,0,-70,0,-65,-61,-66,0,0,0,0,-64,0,0,0,-73,0,-60,-65,0
11,6,1,0,-68,0,-66,0,0,0,0,0,0,0,0,0,-65,0,0,0,-65,-81,0,0,-64,0,0,0,-53,-69,-69,-65,0,-69,0,0,0,0,0,-64,-82,-65,0,0,0,0,0,-65,-66,-76,0,-69,0,-65,-65,0,0,0,0,0,-64,0,0,0,0,0,-59,-64,0
11,6,2,0,-68,0,-63,0,0,-66,-66,0,0,0,0,0,-65,0,0,0,-63,-81,0,0,-68,0,0,0,-47,-69,-69,-62,0,-69,0,0,-66,0,0,-68,-82,-65,0,0,0,0,0,-62,-63,-70,0,-69,0,-67,-63,0,0,0,0,-74,-68,-66,0,0,-73,0,-66,-67,0
11,6,3,-67,-68,0,-62,0,0,-66,-66,0,0,0,0,0,-65,0,0,0,-62,-81,0,-66,-68,0,0,0,-51,-69,-69,-62,0,-69,0,0,-66,0,0,-59,0,-65,0,0,0,0,0,-62,-62,-68,0,-69,0,-67,-62,0,0,0,0,-74,-59,-66,0,0,-73,0,-69,-67,0
12,6,0,-67,-68,0,-63,0,0,-66,-66,0,0,0,0,0,-61,0,0,0,-63,-81,0,-66,-65,0,0,0,-56,-69,-69,-63,0,-69,0,0,-66,0,0,-64,0,-61,0,0,0,0,0,-64,-63,-61,0,-69,0,-65,-63,0,0,0,0,-85,-64,-66,0,0,-71,0,-60,-66,0
12,6,1,-67,0,0,-63,0,0,0,0,0,0,0,-90,0,-61,0,0,0,-63,0,0,-68,-63,0,0,0,-47,0,0,-63,0,0,0,0,0,0,0,-64,0,-61,0,0,0,0,0,-64,-63,-70,0,0,0,-64,-63,0,0,0,0,-80,-64,0,0,0,-71,0,-63,-66,0
12,6,2,-68,0,0,-67,0,0,0,0,0,0,0,-69,0,-68,0,0,0,-67,-82,0,-68,-71,0,0,0,-49,0,0,-66,0,0,0,0,-73,0,0,-73,0,-68,0,0,0,-68,0,-67,-67,-60,0,0,0,-71,-67,0,0,0,0,-80,-74,0,0,0,-79,0,-71,-74,0
12,6,3,-68,0,0,-63,0,0,0,0,0,-80,0,-65,0,-61,0,0,0,-63,-78,0,-61,-61,0,0,0,-48,0,0,-62,0,0,0,0,-73,0,0,-62,0,-61,0,0,0,-68,0,-63,-63,-60,0,0,0,-62,-62,0,0,0,0,-80,-62,0,0,0,-75,0,-61,-62,0
13,6,0,-68,0,0,-63,0,0,-59,-59,0,-80,0,-61,0,-63,0,0,0,-63,-78,0,-61,-69,0,0,0,-53,0,0,-62,0,0,0,0,-59,0,0,-69,0,-61,-59,0,0,-64,0,-63,-63,-62,0,0,0,-69,-62,0,0,0,0,-80,-68,-59,0,-59,-71,0,-68,-69,0
13,6,1,0,0,-68,-70,0,0,-59,-59,0,-80,0,-61,0,-63,0,0,0,-70,-79,0,-61,-66,0,0,0,-54,0,0,-70,0,0,0,0,-59,0,0,-67,0,-61,-59,0,0,-64,0,-70,-70,-61,0,0,0,-65,-70,0,0,0,0,-76,-69,-59,0,-59,-71,0,-67,-69,0
13,6,2,0,0,-68,-68,0,0,-59,-59,0,-80,0,-67,0,-63,0,0,0,-68,-79,0,-64,-66,0,0,0,-57,0,0,-68,0,0,0,0,-59,0,0,-67,0,-65,-59,0,0,-64,0,-68,-68,-56,0,0,0,-74,-68,0,0,0,0,-76,-69,-59,0,-59,-70,0,-67,-69,0
13,6,3,-66,0,-68,-67,0,0,0,0,0,0,0,-65,0,0,0,0,0,-67,-78,0,-64,-69,0,0,0,-54,0,0,-67,0,0,0,0,0,0,0,-69,0,-65,0,0,0,-64,0,-67,-67,-64,0,0,0,-70,-67,0,0,0,0,-76,-69,0,0,0,-74,0,-69,-69,0
14,6,0,-66,0,-68,-71,0,0,0,0,0,0,0,-61,0,0,0,0,0,-67,-78,0,-64,-72,0,0,0,-73,0,0,-67,0,0,0,0,0,0,0,-72,0,-65,0,0,0,-64,0,-67,-67,-59,0,0,0,-72,-67,0,0,0,0,-76,-71,0,0,0,-82,0,-72,-72,0
14,6,1,-64,0,0,-70,0,0,0,0,0,0,0,-65,0,-64,0,0,0,-67,-78,0,-64,-64,0,0,0,-69,0,0,-69,0,0,0,0,0,0,0,-64,0,-64,0,0,0,-64,0,-67,-67,-59,0,0,0,-64,-67,0,0,0,0,0,-63,0,0,0,-82,0,-64,-62,0
14,6,2,-64,0,0,-70,0,0,0,0,0,0,0,-64,0,-64,0,0,0,-67,-78,0,-64,-61,0,0,0,-65,0,0,-69,0,0,0,0,0,0,0,-61,0,-60,0,0,0,-64,0,-67,-67,-61,0,0,0,-61,-67,0,0,0,0,0,-59,0,0,0,-82,0,-61,-61,0
14,6,3,-60,0,0,-66,0,0,0,0,0,0,0,-61,0,-60,0,0,0,-65,0,0,-60,-71,0,0,0,-61,0,0,-65,0,0,0,0,0,0,0,-61,0,-60,0,0,0,-60,0,-65,-65,-49,0,0,0,-61,-65,0,0,0,0,0,-71,0,0,0,-79,0,-61,-72,0
14,6,3,-60,-67,0,-68,0,0,0,0,0,0,0,-61,0,-60,0,0,0,-67,0,0,-60,-71,0,0,0,-51,0,-67,-67,0,-68,0,0,0,0,0,-61,0,-60,0,0,0,-60,-67,-67,-68,-74,0,0,0,-68,-67,0,0,0,0,0,-71,0,0,0,-79,0,-67,-72,0
9,7,0,0,-67,0,-68,0,0,0,0,0,0,0,-61,0,0,0,0,0,-67,0,0,0,-81,0,0,0,-58,0,-67,-67,0,-68,0,0,0,0,0,0,0,0,0,0,0,0,-67,-67,-68,-74,0,0,-62,-68,-67,-62,0,0,0,-77,0,0,0,0,0,0,-67,0,0
9,7,1,0,-65,0,0,-65,-68,0,0,0,0,0,-61,0,0,0,0,0,0,-85,0,0,-63,0,0,0,-49,-66,-65,0,0,-63,0,0,0,0,0,-65,0,0,0,0,0,0,-64,0,0,-82,0,-65,-64,-64,0,-64,0,0,0,-77,-64,0,0,0,-81,0,-64,-65,0
9,7,2,0,-65,0,-69,-65,-68,0,0,0,0,0,0,0,0,0,0,0,-69,-85,0,0,-61,0,0,0,-48,-66,-65,-69,0,-63,0,0,0,0,0,-64,0,0,0,0,0,0,-64,-69,-70,-70,0,-65,-64,-64,-69,-64,0,0,0,-77,-64,0,0,0,-81,0,-64,-64,0
9,7,3,0,-65,0,-69,-65,-68,0,0,0,0,0,-64,0,0,0,0,0,-67,-85,0,0,-61,0,0,0,-48,-66,-65,-69,0,-63,0,0,0,0,0,-64,0,0,0,0,0,0,-64,-69,-70,-67,0,-65,-64,-64,-69,-64,0,0,0,-77,-64,0,0,0,-81,0,-64,-64,0
10,7,0,0,-65,0,-69,-65,-68,0,0,0,0,0,-64,0,-68,0,0,0,-67,-85,0,0,-69,0,0,0,-58,-66,-65,-71,0,-63,0,0,0,0,0,-70,0,0,0,0,0,0,-64,-69,-70,-69,0,-65,-64,-71,-69,-64,0,0,0,-77,-70,0,0,0,-81,0,-70,-70,0
10,7,1,-72,-68,0,-71,0,0,0,0,0,0,0,-64,0,-71,0,0,0,0,0,0,0,-69,0,0,0,-52,-68,-68,-71,0,-68,0,0,0,0,0,-70,0,0,0,0,0,-72,-68,-71,-71,-79,0,-69,0,-71,-71,0,0,0,0,0,-70,0,0,0,0,0,-71,-70,0
10,7,2,-66,-68,0,-65,0,0,0,0,0,0,0,-71,0,-65,0,0,0,-64,0,0,-67,-69,0,0,0,-52,-68,-68,-65,0,-68,0,0,0,0,0,-70,0,-65,0,0,0,-68,-68,-65,-65,-65,0,-69,0,-73,-65,0,0,0,0,0,-70,0,0,0,0,0,-71,-70,0
10,7,2,-69,-68,-72,-65,-71,-71,-70,0,0,0,0,-71,0,-69,0,0,0,-64,0,0,-67,-64,0,0,0,-48,-68,-68,-65,0,-68,-87,0,-70,0,0,-64,-86,-69,0,0,-71,-68,-68,-65,-65,-67,0,-69,0,-65,-65,0,0,0,0,-88,-64,0,0,0,-84,0,-65,-65,0
10,7,3,-65,-74,-72,-62,-71,-71,-70,0,0,0,0,-65,0,-69,0,0,0,-62,-82,0,-67,-62,0,0,0,-50,-68,-68,-61,0,-68,-87,0,-70,0,0,-63,-86,-69,0,0,-71,-68,-68,-62,-62,-63,0,-69,0,-62,-62,0,0,0,0,-88,-63,0,0,0,-76,0,-62,-63,0
11,7,0,-65,-74,-72,-69,-71,-71,-70,0,0,0,0,-65,0,-69,0,0,0,-70,-82,0,-67,-59,0,0,0,-46,0,0,-69,0,0,-87,0,-70,0,0,-58,-86,-69,0,0,-71,-68,0,-62,-70,-73,0,0,0,-62,-69,0,0,0,0,-77,-59,0,0,0,-81,0,-60,-60,0
11,7,1,-67,-69,0,-69,0,0,0,0,0,0,0,-65,0,0,0,0,0,-70,0,0,0,-67,0,0,0,-47,0,-69,-69,0,-69,0,0,0,0,0,-67,0,0,0,0,0,0,0,-70,-70,-74,0,0,0,-70,-69,0,0,0,0,-77,-67,0,0,0,-81,0,-68,-67,0
11,7,2,-65,-69,0,-59,0,0,0,0,0,0,0,-69,0,-64,0,0,0,-59,0,0,-65,-70,0,0,0,-50,0,-69,-59,0,-69,0,0,0,0,0,-70,0,-65,0,0,0,-65,0,-59,-60,-67,0,0,0,-70,-59,0,0,0,0,-78,-70,0,0,0,-73,0,-69,-70,0
11,7,3,-65,-69,0,-64,0,0,0,0,0,0,0,-69,0,-64,0,0,0,-63,0,0,-65,-66,0,0,0,-57,0,-69,-63,0,-69,0,0,0,0,0,-66,0,-69,0,0,0,-65,0,-64,-64,-69,0,0,0,-66,-64,0,0,0,0,-82,-65,0,0,0,-73,0,-65,-64,0
12,7,0,-65,-69,-69,-64,0,0,0,0,0,-88,0,-69,0,-64,0,0,0,-63,0,0,-65,-65,0,0,0,-54,0,-69,-63,0,-69,0,0,0,0,0,-65,0,-69,0,0,0,-65,0,-64,-70,-65,0,0,0,-65,-64,0,0,0,0,-82,-64,0,0,0,-73,0,-64,-64,0
12,7,1,-69,0,-68,-63,0,0,0,0,0,-88,0,-69,0,-69,0,0,0,-63,0,0,-70,-70,0,0,0,-58,0,0,-63,0,0,0,0,0,0,0,-71,0,-70,0,0,0,-70,0,-63,-65,-61,0,0,-68,-70,-63,-68,0,0,0,-82,-71,0,0,0,0,0,-71,-71,0
12,7,2,-69,0,-68,-59,0,-66,-68,0,0,-88,0,-68,0,-69,0,0,0,-59,0,0,-70,-70,0,0,0,-54,0,0,-59,0,0,0,0,0,0,0,-70,0,-70,0,0,0,-70,0,-59,-59,-58,0,0,-67,-70,-59,-68,0,0,0,0,-70,0,0,-68,-80,0,-70,-70,0
12,7,3,-63,0,-68,-63,0,-66,-68,0,0,-88,0,-71,0,-64,0,0,0,-63,-80,0,-64,-64,0,0,0,-61,0,0,-63,0,0,0,0,0,0,0,-64,0,-63,0,0,0,-63,0,-63,-63,-58,0,0,-67,-64,-63,-68,0,0,0,0,-65,0,0,-68,-80,0,-64,-64,0
13,7,0,-65,0,-68,-67,0,-66,-63,-63,0,0,0,-62,0,-66,0,0,0,-66,-80,0,-65,-68,0,0,0,-54,0,0,-66,0,0,0,0,-63,0,0,-64,0,-66,-63,0,0,-66,0,-66,-67,-61,0,0,-67,-68,-67,-68,0,0,0,-77,-65,0,0,-63,-71,0,-64,-64,0
13,7,1,-65,0,0,-62,0,0,-63,-63,0,0,0,-65,0,-66,0,0,0,-62,0,0,-65,-64,0,0,0,-63,0,0,-62,0,0,0,0,-63,0,0,-64,0,-66,-63,0,0,-66,0,-62,-62,-63,0,0,0,-64,-62,0,0,0,0,-79,-62,0,0,-63,-71,0,-64,-64,0
13,7,2,-65,0,0,-66,0,-69,-64,-64,0,0,0,-65,0,-66,0,0,0,-66,0,0,-65,-72,0,0,0,-63,0,0,-66,0,0,0,0,-64,0,0,-72,0,-66,-64,0,-68,-66,0,-62,-66,-57,0,0,0,-72,-66,0,0,0,0,-79,-72,-65,0,-64,-71,0,-72,-72,0
13,7,3,-64,0,0,-60,0,-69,-64,-64,0,0,0,-67,0,-64,0,0,0,-60,-79,0,-64,-69,-88,0,0,-59,0,0,-60,0,0,0,0,-64,0,0,-69,0,-64,-64,0,-68,-64,0,-59,-60,-54,0,0,0,-70,-60,0,0,0,0,-79,-69,-65,0,-64,-75,0,-72,-70,0
14,7,0,-64,0,0,-60,0,-69,-67,-66,0,0,0,-61,0,-64,0,0,0,-68,-79,0,-64,-69,-88,0,0,-67,0,0,-68,0,0,0,0,-67,0,0,-70,0,-64,-67,0,-68,-64,0,-59,-68,-54,0,0,0,-70,-68,0,0,0,0,-79,-70,-65,0,-64,-75,0,-71,-70,0
14,7,1,-64,0,0,-71,0,0,-67,-66,0,0,0,-68,0,-64,0,0,0,-70,-76,0,-64,-59,-88,0,0,-63,0,0,-70,0,0,0,0,-67,0,0,-61,0,-63,-67,0,0,-64,0,-71,-70,-65,0,0,0,-61,-71,0,0,0,0,0,-61,0,0,0,-75,0,-61,-59,0
14,7,2,-64,0,0,-71,0,0,-66,-66,0,0,0,-65,0,-66,0,0,0,-70,-76,0,-64,-59,-88,0,0,-63,0,0,-70,0,0,0,0,-67,0,0,-61,0,-63,-66,0,0,-64,0,-71,-70,-64,0,0,0,-61,-71,0,0,0,0,0,-61,0,0,0,-77,0,-71,-59,0
14,7,3,-61,0,0,-66,0,0,-66,-66,0,0,0,-63,0,-62,0,0,0,-66,-76,0,-61,-68,0,0,0,-63,0,0,-65,0,0,0,0,0,0,0,-61,0,-62,-66,0,0,-62,0,-65,-65,-60,0,0,0,-68,-66,0,0,0,0,0,-69,0,0,0,-80,0,-71,-68,0
9,8,0,-61,0,-65,-66,-64,-64,-66,-66,0,0,0,-63,0,-62,0,0,0,-66,0,0,-61,-63,0,0,0,-55,0,0,-65,0,0,0,0,0,0,0,-63,0,-62,-66,0,-64,-62,0,-65,-65,-74,0,0,-64,-63,-66,-64,0,0,0,-82,-63,0,0,0,-80,0,-63,-63,0
9,8,1,0,0,-65,0,-64,-64,0,0,0,0,0,-63,0,0,0,0,0,0,0,0,0,-66,0,0,0,-54,-74,0,0,0,0,0,0,0,0,0,-67,0,0,0,0,-64,0,-73,0,0,-74,0,0,-64,-65,0,-64,0,0,0,-82,-67,0,0,0,0,0,-67,-67,0
9,8,2,0,-73,-62,-67,-62,-62,0,0,0,0,0,-63,0,0,0,0,0,-68,-83,0,0,-67,0,0,0,-55,-73,-73,-68,0,-73,0,0,0,0,0,-67,0,-72,0,0,-62,0,-73,0,-67,-70,0,0,-62,-65,-68,-62,0,0,0,-82,-67,0,0,0,-77,0,-67,-66,0
9,8,3,0,-73,-62,-65,-62,-62,0,0,0,0,0,-63,0,0,0,0,0,-65,-83,0,0,-67,-85,0,0,-57,-73,-73,-66,0,-73,0,0,0,0,0,-68,0,-72,0,0,-62,0,-73,-65,-65,-73,0,0,-62,-68,-65,-62,0,0,0,-82,-67,0,0,0,-77,0,-68,-68,0
10,8,0,0,-73,-62,-73,-62,-62,0,0,0,0,0,-63,0,0,0,0,0,-65,-83,0,0,-64,-85,0,0,-52,-73,-73,-66,0,-73,0,0,0,0,0,-64,0,-72,0,0,-62,0,-73,-65,-65,-73,0,0,-62,-64,-65,-62,0,0,0,0,-64,0,0,0,-77,0,-68,-64,0
10,8,1,0,0,0,-73,0,-68,0,0,0,0,0,-63,0,0,0,0,0,0,0,0,0,-64,0,0,0,-60,-69,-69,0,0,0,0,0,0,0,0,-64,0,0,0,0,0,0,0,0,0,-70,0,0,0,-64,-71,0,0,0,0,-78,-65,0,0,0,0,0,-66,-65,0
10,8,2,0,0,0,-64,0,-68,0,0,0,0,0,-63,0,0,0,0,0,-62,-79,0,0,-72,0,0,0,-50,-69,-69,-62,0,0,0,0,0,0,0,-72,-80,0,0,0,-68,0,0,-62,-62,-62,0,0,-68,-72,-63,0,0,0,0,-78,-73,0,0,0,0,0,-73,-73,0
10,8,3,0,0,0,-63,0,-68,0,0,0,0,0,-63,0,0,0,0,0,-62,-79,0,0,-66,0,0,0,-55,-69,-69,-62,0,0,0,0,0,0,0,-66,-80,-69,0,0,-68,0,0,-62,-62,-67,0,0,-68,-66,-63,0,0,0,0,-78,-67,0,0,0,-71,0,-66,-66,0
11,8,0,-64,-70,0,-63,0,-68,0,0,0,0,0,-68,0,-65,0,0,0,-62,-79,0,-65,-68,0,0,0,-59,-70,-69,-62,0,-71,0,0,0,0,0,-68,-80,-65,0,0,-66,-65,-70,-62,-62,-63,0,-70,-68,-67,-63,0,0,0,0,-78,-68,0,0,0,-77,0,-67,-68,0
11,8,1,-64,-70,0,-63,0,0,0,0,0,0,0,-65,0,-65,0,0,0,-64,0,0,-65,-70,0,0,0,-63,-70,-71,-64,0,-71,0,0,0,0,0,-70,0,-65,0,0,-66,-65,-70,-64,-64,-60,0,-70,0,-70,-64,0,0,0,0,-79,-70,0,0,0,-77,0,-70,-71,0
11,8,2,-67,-70,0,-59,0,0,0,0,0,0,0,-65,0,-67,0,0,0,-60,0,0,-66,-75,0,0,0,-67,-70,-71,-60,0,-71,0,0,0,0,0,-70,0,-67,0,0,-66,-65,-70,-59,-60,-63,0,-70,0,-70,-60,0,0,0,0,-79,-74,0,0,0,-77,0,-70,-75,0
11,8,3,-67,-70,0,-63,0,0,0,0,0,0,0,-65,0,-67,0,0,0,-62,0,0,-66,-75,0,0,0,-65,-70,-71,-63,0,-71,0,0,0,0,0,-64,0,-67,0,0,-66,-65,-70,-63,-63,-67,0,-70,0,-70,-62,0,0,0,0,-79,-65,0,0,0,-76,0,-65,-75,0
12,8,0,-72,0,-64,-59,-64,-64,0,0,0,0,0,-65,0,-72,0,0,0,-58,0,0,-72,-72,0,0,0,-71,0,0,-59,0,0,0,0,0,0,0,-70,0,-72,0,0,-64,0,0,-59,-59,-71,0,0,-64,-72,-59,-64,0,0,0,0,-69,0,0,0,-76,0,-70,-72,0
12,8,1,-72,0,-64,-59,-64,-65,0,0,0,0,0,-65,0,-72,0,0,0,-59,0,0,-72,-70,0,0,0,-70,0,0,-59,0,0,0,0,0,0,0,-71,0,-72,0,0,-64,0,0,-59,-59,-69,0,0,-64,-71,-59,-64,0,0,0,0,-71,0,0,0,-76,0,-69,-71,0
12,8,2,-72,0,-64,-57,-64,-64,0,0,0,0,0,0,0,-72,0,0,0,-57,0,0,-72,-78,0,0,0,-64,0,0,-57,0,0,0,0,0,0,0,-71,0,-72,0,0,-64,0,0,-57,-57,-58,0,0,-64,-71,-57,-64,0,0,0,0,-77,0,0,0,-76,0,-69,-77,0
12,8,3,-61,0,0,-66,0,-64,0,0,0,0,0,-61,0,-62,0,0,0,-64,0,0,-62,-68,0,0,0,-64,0,0,-66,0,0,0,0,0,0,0,-69,0,-62,0,0,0,-62,0,-66,-66,-58,0,0,0,-68,-66,0,0,0,0,-84,-68,0,0,0,0,0,-69,-68,0
13,8,0,-62,0,0,-66,0,-64,-69,-69,0,0,0,-61,0,-62,0,0,0,-60,0,0,-62,-73,0,0,0,-60,0,0,-66,0,0,0,0,-69,0,0,-69,0,-62,0,0,0,-62,0,-66,-66,-61,0,0,0,-73,-66,-65,0,0,0,-84,-74,-69,0,0,-79,0,-73,-74,0
13,8,1,-62,0,0,-61,0,0,-70,-69,0,0,0,-61,0,-62,0,0,0,-64,0,0,-62,-65,0,0,0,-64,0,0,-61,0,0,0,0,-69,0,0,-69,0,-62,0,0,0,-62,0,-62,-61,-69,0,0,0,-65,-61,-65,0,0,0,-84,-66,-69,0,0,-75,0,-65,-66,0
13,8,2,-66,0,0,-61,0,0,-63,-63,0,0,0,-61,0,-66,0,0,0,-67,0,0,-62,-65,0,0,0,-62,0,0,-61,0,0,0,0,-63,0,0,-70,0,-66,-62,0,0,-62,0,-62,-61,-62,0,0,0,-65,-61,-66,0,0,0,-84,-66,-69,0,-63,-74,0,-69,-66,0
13,8,3,-62,0,0,-61,0,0,-70,-69,0,0,0,-61,0,-62,0,0,0,-64,0,0,-62,-65,0,0,0,-64,0,0,-61,0,0,0,0,-69,0,0,-69,0,-62,0,0,0,-62,0,-62,-61,-69,0,0,0,-65,-61,-65,0,0,0,-84,-66,-69,0,0,-75,0,-65,-66,0
14,8,0,-66,0,0,-69,0,0,-66,-66,0,0,0,-62,0,-66,0,0,0,-70,0,0,0,-68,0,0,0,-61,0,0,-69,0,0,0,0,-66,0,0,-69,0,-66,-66,0,0,-62,0,-69,-69,-60,0,0,0,-69,-69,-66,0,0,0,0,-69,-69,0,-66,-80,0,-70,-69,0
14,8,1,0,0,0,-69,0,0,-66,-66,0,0,0,-61,0,-62,0,0,0,-70,0,0,0,-70,0,0,0,-60,0,0,-69,0,0,0,0,-66,0,0,-70,0,-62,-66,0,0,-62,0,-69,-69,-68,0,0,0,-71,-69,0,0,0,0,0,-71,0,0,-66,-80,0,-71,-71,0
14,8,2,-62,0,0,-69,0,0,-66,-66,0,0,0,-65,0,-62,0,0,0,-70,0,0,-63,-70,0,0,0,-70,0,0,-69,0,0,0,0,-66,0,0,-70,0,-62,-66,0,0,-62,0,-69,-69,-72,0,0,0,-71,-69,0,0,0,0,0,-71,-67,0,-66,-77,0,-71,-71,0
14,8,3,-62,0,0,-69,0,0,-66,-66,0,0,0,-65,0,-62,0,0,0,-70,0,0,-63,-70,0,0,0,-70,0,0,-69,0,0,0,0,-66,0,0,-70,0,-62,-66,0,0,-62,0,-69,-69,-72,0,0,0,-71,-69,0,0,0,0,0,-71,-67,0,-66,-77,0,-71,-71,0