X,Y,D,e8:ba:70:c2:4e:32,e8:ba:70:9c:c7:33,e8:ba:70:61:07:03,e8:ba:70:c2:4e:33,30:f7:72:5c:ed:28,dc:a5:f4:b8:73:82,14:dd:a9:70:e7:40,e8:ba:70:c2:4e:34,dc:a5:f4:b8:73:85,58:35:d9:aa:99:e3,e8:ba:70:c2:4e:30,e8:ba:70:c2:4e:35,dc:a5:f4:b8:73:81,e8:ba:70:c2:4e:31,14:dd:a9:70:cc:60,dc:a5:f4:b8:73:80,48:ee:0c:ee:27:e4,dc:a5:f4:b8:73:83,dc:a5:f4:b8:73:84
1,2,0,0,0,0,0,0,0,0,0,0,0,0,0,-73,0,0,0,0,-78,0
1,2,1,0,0,0,0,0,0,0,0,0,0,0,0,-69,0,0,0,0,-78,0
1,2,2,0,0,0,0,0,0,0,0,0,0,0,0,-69,0,0,0,0,-78,0
1,2,3,0,0,0,0,0,0,0,0,0,0,0,0,-69,0,0,0,0,-78,0
2,2,0,0,0,0,0,0,-72,-89,0,-71,0,0,0,-72,0,0,-71,0,-70,-72
2,2,1,0,0,0,0,0,-72,-89,0,-71,0,0,0,-72,0,0,-71,0,-70,-72
2,2,2,0,0,0,0,0,-72,-81,0,-75,0,0,0,-72,0,0,-71,0,-70,-76
2,2,3,0,0,0,0,0,-75,-81,0,-75,0,0,0,0,0,0,-73,0,-70,-74
3,2,0,0,0,0,0,0,-79,0,0,0,0,0,0,-81,0,0,-79,0,-70,-78
3,2,1,0,0,0,0,0,-74,0,0,0,0,0,0,-74,0,0,-75,0,-73,-74
3,2,2,0,0,0,0,0,-74,0,0,0,0,0,0,-74,0,0,-74,0,-73,-74
3,2,3,0,0,0,0,0,-77,-86,0,-77,-87,0,0,-74,0,0,-77,0,-73,-77
4,2,0,0,0,0,0,0,-77,-86,0,-73,-87,0,0,0,0,0,-73,0,-73,-73
4,2,1,0,0,0,0,0,0,0,0,-73,0,0,0,0,0,0,-73,0,-73,-73
4,2,2,0,0,0,0,0,0,-79,0,-73,0,0,0,0,0,0,-73,0,-73,-73
4,2,3,0,0,0,0,0,-68,-81,0,-69,0,0,0,-68,0,0,-69,0,-76,-69
5,2,0,0,0,0,0,0,-68,-81,0,-69,0,0,0,-68,0,0,-69,0,-76,-69
5,2,1,0,0,0,0,0,-75,0,0,0,0,0,0,0,0,0,0,0,-76,-76
5,2,2,0,0,0,0,0,-77,0,0,0,0,0,0,0,0,0,-77,0,-76,-76
5,2,3,0,0,0,0,0,-78,-80,0,-77,0,0,0,-80,0,0,-77,0,-76,-79
6,2,0,0,0,0,0,0,-78,-80,0,-77,0,0,0,-80,0,0,-77,0,-76,-79
6,2,1,0,0,0,0,0,-73,-89,0,0,0,0,0,-74,0,0,0,0,-76,-74
6,2,2,0,0,0,0,0,-73,-81,0,-73,0,0,0,-74,0,0,0,0,-76,-74
6,2,3,0,0,0,0,0,-73,-77,0,-76,0,0,0,-74,0,0,-76,0,-76,-74
7,2,0,0,0,0,0,0,-71,-81,0,-72,0,0,0,-71,0,0,-71,0,-76,-71
7,2,1,0,0,0,0,0,-74,-84,0,-72,0,0,0,-72,0,0,-73,0,-76,-73
7,2,2,0,0,0,0,0,-74,-77,0,-72,0,0,0,-72,0,0,-73,0,-76,-73
7,2,3,0,0,0,0,0,-69,-71,0,-69,0,0,0,-69,0,0,-69,0,-71,-68
8,2,0,0,0,0,0,0,-69,-76,0,-69,0,0,0,-67,0,0,-69,0,-70,-68
8,2,1,0,0,0,0,0,-72,-76,0,-73,0,0,0,-71,0,0,-72,0,-71,-71
8,2,2,0,0,0,0,0,-69,-76,0,-70,0,0,0,-69,0,0,-69,0,-73,-68
8,2,3,0,0,0,0,0,-73,-80,0,-73,0,0,0,-73,0,0,-69,0,-73,-68
9,2,3,0,0,0,0,0,-73,-71,0,-73,0,0,0,-56,0,0,-69,0,-70,-68
9,2,3,0,0,0,0,0,-75,-78,0,0,-92,0,0,-56,0,0,-74,0,-70,-74
9,2,0,0,0,0,0,0,-75,-80,0,0,-92,0,0,0,0,0,-75,0,-70,-75
9,2,1,0,0,0,0,0,-70,-67,0,0,-92,0,0,-69,0,0,-70,0,-70,-70
9,2,2,0,0,0,0,0,-70,-61,0,-69,-92,0,0,-69,0,0,-69,0,-73,-69
9,2,3,0,0,0,0,0,-62,-64,0,-64,0,0,0,-63,0,0,-62,0,-60,-61
10,2,0,0,0,0,0,0,-62,-64,0,-64,0,0,0,-63,0,0,-62,0,-60,-61
10,2,0,0,0,0,0,0,0,-73,0,0,0,0,0,0,0,0,0,-82,-60,0
10,2,1,0,0,0,0,0,0,-69,0,0,0,0,0,0,0,0,0,-82,-60,-73
10,2,2,0,0,0,0,0,-67,-66,0,-68,0,0,0,0,0,0,-68,-77,-60,-68
10,2,3,0,0,0,0,0,-62,-70,0,-68,0,0,0,0,0,0,-61,-80,-68,-62
11,2,0,0,0,0,0,0,-54,-65,0,-51,0,0,0,-51,0,0,-53,-78,-57,-53
11,2,1,0,0,0,0,-79,-62,-58,0,-51,0,0,0,-51,0,-77,-62,-75,-57,-62
11,2,2,0,0,0,0,-79,-69,-58,0,-70,0,0,0,-71,0,-77,-69,-75,-66,-70
11,2,3,0,0,0,0,-79,-57,-61,0,-58,0,0,0,-58,0,-77,-59,-75,-69,-58
12,2,0,0,0,0,0,-79,-56,-59,0,-58,0,0,0,-56,0,-77,-56,-81,-60,-58
12,2,1,0,0,0,0,0,-60,-51,0,0,0,0,0,-60,0,0,-56,-81,-60,-58
12,2,2,0,0,0,0,-75,-66,-53,0,0,0,0,0,-66,0,0,-64,-81,-57,-66
12,2,3,0,0,0,0,-75,-58,-60,0,-58,0,0,0,-58,0,0,-59,0,-64,-58
13,2,0,0,0,0,0,-75,-69,-64,0,-58,0,0,0,-68,0,0,-59,0,-72,-67
13,2,1,0,0,0,0,0,-69,-63,0,-58,0,0,0,-68,0,0,-59,0,-72,-67
13,2,2,0,0,0,0,0,-67,-64,0,-67,0,0,0,-67,0,0,-67,0,-71,-67
13,2,3,0,0,0,0,0,-67,-72,0,-67,0,0,0,-67,0,0,-67,0,-72,-67
14,2,0,0,0,0,0,0,-62,-75,0,-62,0,0,0,-61,0,0,-62,0,-70,-62
14,2,1,0,0,0,0,0,-62,-70,0,-62,0,0,0,-61,0,0,-62,0,-65,-62
14,2,2,0,0,0,0,0,-62,-62,0,-62,0,0,0,-61,0,0,-75,0,-65,-62
14,2,3,0,0,0,0,0,-64,-68,0,-64,0,0,0,-64,0,0,-66,0,-74,-64
15,2,0,0,0,0,0,0,-71,-75,0,-64,0,0,0,-71,0,0,-71,0,-79,-70
15,2,1,0,0,0,0,0,-71,-67,0,-75,0,0,0,-71,0,0,-71,0,-79,-71
15,2,2,0,0,0,0,0,-70,-79,0,-75,0,0,0,-71,0,0,-71,0,-77,-70
15,2,3,0,0,0,0,0,-70,-79,0,-75,0,0,0,-75,0,0,-71,0,-77,-70
16,2,0,0,0,0,0,0,-74,-79,0,-75,0,0,0,-74,0,0,-74,0,-77,-74
16,2,1,0,0,0,0,0,-71,-74,0,-70,0,0,0,-72,0,0,-71,0,-74,-74
16,2,2,0,0,0,0,0,-71,-78,0,-76,0,0,0,-72,0,0,-75,0,-74,-74
16,2,3,0,0,0,0,0,-71,-78,0,-76,0,0,0,-72,0,0,-75,0,-74,-74
16,2,3,0,0,0,0,0,0,-82,0,-76,0,0,0,0,0,0,-75,0,-74,0
17,2,0,0,0,0,0,0,0,-77,0,-78,0,0,0,0,0,0,-73,0,-74,0
17,2,1,0,0,0,0,0,-73,-77,0,-74,0,0,0,-72,0,0,-73,0,-79,-73
17,2,2,0,0,0,0,0,-73,-77,0,-74,0,0,0,-72,0,0,-73,0,-74,-73
17,2,3,0,0,0,0,0,-73,-77,0,-78,0,0,0,-72,0,0,-73,0,-74,-77
18,2,0,0,0,0,0,0,-73,0,0,-78,0,0,0,-72,0,0,-73,0,-74,-77
18,2,1,0,0,0,0,0,0,0,0,-78,0,0,0,0,0,0,0,0,-74,-77
18,2,2,0,0,0,0,0,0,0,0,0,0,0,0,0,0,0,0,0,-74,0
18,2,3,0,0,0,0,0,0,-80,0,0,0,0,0,0,0,0,0,0,-74,0
19,2,0,0,0,0,0,0,0,0,0,0,0,0,0,0,0,0,0,0,-74,0
19,2,1,0,0,0,0,0,0,0,0,0,0,0,0,0,0,0,0,0,-74,0
19,2,2,0,0,0,0,0,0,0,0,0,0,0,0,0,0,0,0,0,-74,0
19,2,3,0,0,0,0,0,0,0,0,0,0,0,0,0,0,0,0,0,-74,0
2,2,1,0,0,0,0,0,-73,-89,0,0,0,0,0,-74,0,0,0,0,-76,-74
2,2,0,0,0,0,0,0,-73,0,0,-74,0,0,0,-74,0,0,-74,0,-76,-73
2,2,2,0,0,0,0,0,0,0,0,-74,0,0,0,-73,0,0,-74,0,-76,-73
2,2,3,0,0,0,0,0,-75,0,0,-74,0,0,0,-73,0,0,-74,0,-74,-73
2,3,0,0,0,0,0,0,0,0,0,0,0,0,0,0,0,0,0,0,-74,0
2,3,1,0,0,0,0,0,-77,0,0,0,0,0,0,0,0,0,0,0,-74,-78
2,3,2,0,0,0,0,0,-77,0,0,0,0,0,0,0,0,0,0,0,-74,-78
2,3,3,0,0,0,0,0,-77,0,0,0,0,0,0,0,0,0,0,0,-74,-78
2,4,0,0,0,0,0,0,-77,0,0,0,0,0,0,0,0,0,-75,0,-74,-78
2,4,1,0,0,0,0,0,0,0,0,0,0,0,0,0,0,0,-77,0,-74,-79
2,4,2,0,0,0,0,0,0,0,0,0,0,0,0,0,0,0,-77,0,-74,-79
2,4,3,0,0,0,0,0,-80,0,0,0,0,0,0,-80,0,0,-77,0,-74,-79
2,5,0,0,0,0,0,0,-80,0,0,0,0,0,0,-80,0,0,-77,0,-74,-79
2,5,1,0,0,0,0,0,0,0,0,0,0,0,0,0,0,0,0,0,-74,-79
2,5,2,0,0,0,0,0,0,0,0,0,0,0,0,0,0,0,-81,0,-74,-79
2,5,3,0,0,0,0,0,0,0,0,0,0,0,0,0,0,0,-81,0,-74,-79
2,6,0,0,0,0,0,0,0,0,0,0,0,0,0,0,0,0,-81,0,-74,-79
2,6,1,0,0,0,0,0,0,0,0,0,0,0,0,0,0,0,0,0,0,0
2,6,2,0,0,0,0,0,0,0,0,0,0,0,0,-84,0,0,0,0,-80,0
2,6,3,0,0,0,0,0,0,0,0,0,0,0,0,-84,0,0,0,0,-80,0
2,7,0,0,0,0,0,0,0,0,0,-74,0,0,0,-84,0,0,-74,0,-80,-73
2,7,1,0,0,0,0,0,-77,0,0,-76,0,0,0,0,0,0,-76,0,0,-77
2,7,2,0,0,0,0,0,-81,0,0,-76,0,0,0,0,0,0,-76,0,0,-77
2,7,3,0,0,0,0,0,-81,0,0,-76,0,0,0,0,0,0,-76,0,0,-77
2,8,0,0,0,0,0,0,-80,-82,0,-76,0,0,0,-81,0,0,-76,0,0,-77
2,8,1,0,0,0,0,0,-76,-82,0,0,0,0,0,-77,0,-81,0,0,0,0
2,8,2,0,0,0,0,0,-82,-82,0,0,0,0,0,-77,0,-81,-79,0,0,0
2,8,3,0,0,0,0,0,-82,-75,0,0,0,0,0,-81,0,-81,-79,0,0,0
2,9,0,0,0,0,0,0,-82,-75,0,0,0,0,0,-81,0,-81,-79,0,0,0
2,9,1,0,0,0,0,0,0,0,0,0,0,0,0,0,0,0,0,0,0,0
2,9,2,0,0,0,0,0,0,0,0,0,0,0,0,0,0,-86,-84,0,0,0
2,9,3,0,0,0,0,0,0,0,0,0,0,0,0,0,0,-86,-84,0,0,0
2,10,0,0,0,0,0,0,0,0,0,-80,0,0,0,0,0,-72,-80,0,-76,0
2,10,1,0,0,0,0,0,0,0,0,-80,0,0,0,0,0,-76,-80,0,-76,0
2,10,2,0,0,0,0,0,0,0,0,-84,0,0,0,0,0,-71,-79,0,-82,0
2,10,3,0,0,0,0,0,0,0,0,-84,0,0,0,-77,0,-62,-79,0,-82,-77
3,10,0,0,0,0,0,-89,0,-89,0,0,0,0,0,0,0,-73,0,0,0,0
3,10,1,0,0,0,0,-89,0,-89,0,0,0,0,0,0,0,-74,0,0,-87,0
3,10,2,0,0,0,0,0,0,0,0,0,0,0,0,0,0,-64,0,0,-87,0
3,10,3,0,0,0,0,0,0,0,0,0,0,0,0,0,0,-63,0,0,-87,0
4,10,0,0,0,0,0,-82,0,-80,0,0,0,0,0,0,0,-69,0,0,-87,0
4,10,1,0,0,0,0,-82,0,-80,0,0,0,0,0,0,0,-66,0,0,0,0
4,10,2,0,0,0,0,-82,0,-83,0,0,0,0,0,0,0,-62,0,0,0,0
4,10,3,0,-71,0,0,-79,0,-82,0,0,0,0,0,0,0,-57,0,0,0,0
5,10,0,0,-71,0,0,-79,0,-80,0,0,0,0,0,0,0,-71,0,0,0,0
5,10,1,0,0,0,0,0,-88,-79,0,0,0,0,0,0,0,-65,0,0,0,0
5,10,2,0,0,0,0,0,-88,-79,0,0,0,0,0,0,0,-59,0,0,0,0
5,10,3,0,0,0,0,0,-88,-78,0,0,0,0,0,0,0,-62,0,0,0,0
6,10,0,0,0,0,0,-79,-88,-79,0,0,0,0,0,0,0,-65,0,0,0,0
6,10,1,0,0,0,0,-79,0,-79,0,0,0,0,0,0,0,-65,0,0,0,0
6,10,2,0,0,0,0,-79,0,-68,0,0,0,0,0,0,0,-76,0,0,0,0
6,10,3,0,0,0,0,-79,0,-69,0,0,0,0,0,0,0,-71,0,0,0,0
7,10,0,0,0,0,0,-70,0,-64,0,-77,0,0,0,0,0,-68,0,0,0,0
7,10,1,0,0,0,0,-70,0,-68,0,-77,0,0,0,0,0,-68,0,0,0,0
7,10,2,0,0,0,0,-70,0,-68,0,-77,0,0,0,0,0,-76,0,0,0,-82
7,10,3,0,0,0,0,-70,0,-66,0,-77,0,0,0,0,0,-72,0,0,0,-82
8,10,0,0,0,0,0,-71,0,-64,0,0,0,0,0,0,0,-79,-83,0,0,-82
8,10,1,0,0,0,0,-71,0,-64,0,0,0,0,0,0,0,-79,-83,0,0,-82
8,10,2,0,0,0,0,-71,0,-64,0,0,0,0,0,0,0,-79,-83,0,0,-82
8,10,3,0,0,0,0,-71,0,-64,0,0,0,0,0,0,0,-79,-83,0,0,-82
9,10,0,0,0,0,0,-71,0,-69,0,0,0,0,0,-78,0,-79,-83,0,0,0
9,10,1,0,0,0,0,-72,0,-69,0,-76,0,0,0,-78,0,-79,-74,0,0,0
9,10,2,0,0,0,0,-71,0,-69,0,0,0,0,0,-78,0,-79,-83,0,0,0
9,10,3,0,0,0,0,-72,0,-69,0,-76,0,0,0,-78,0,-79,-74,0,0,0
10,10,0,-70,0,0,0,0,-71,-69,0,-65,0,0,-71,-71,0,-79,-72,0,-65,-68
10,10,1,0,0,0,0,-72,-62,-62,0,-76,0,0,0,-62,0,-79,-74,0,0,-63
10,10,2,-70,0,0,0,0,-71,-69,0,-65,0,0,-71,-71,0,-79,-72,0,-65,-68
10,10,3,-70,0,0,0,0,-65,-68,0,-63,0,0,-71,-66,0,0,-66,-84,-64,-73
11,10,0,-70,0,0,0,-78,-65,-73,0,-70,0,0,-71,-66,0,0,-70,-84,-64,-73
11,10,1,-76,0,0,0,-78,-73,-72,0,-72,0,0,0,-74,0,-82,-76,-89,-75,-74
11,10,2,-76,0,0,0,-75,-75,-72,0,-72,0,0,0,-75,0,-82,-76,-89,-75,-74
11,10,3,-76,0,0,0,-75,-67,-70,0,-71,0,0,0,-67,0,-84,-68,-89,-71,-67
12,10,1,0,0,0,0,0,-67,-78,0,-71,0,0,0,-66,0,-79,-78,0,-64,-80
12,10,2,0,-66,0,0,0,0,-70,0,0,0,0,0,-83,0,-79,-78,0,-64,-80
12,10,3,0,-66,0,0,0,0,-72,0,0,0,0,0,-83,0,-79,-78,0,-64,-79
12,10,3,0,-66,0,0,0,0,-76,0,0,0,0,0,-83,0,-79,-73,0,-64,-79
12,10,0,0,-66,0,0,0,0,-72,0,0,0,0,0,-76,0,-79,-73,0,-64,-79
13,10,1,0,-68,0,0,0,0,-73,0,0,0,0,0,-76,0,0,-82,0,-64,-79
13,10,2,0,-68,0,0,0,0,-73,0,-80,0,0,0,0,0,0,-82,0,-64,0
13,10,3,0,-60,0,0,0,0,-76,0,-80,0,0,0,0,0,0,-82,0,-64,0
13,10,0,0,-66,0,0,0,-73,-76,0,-74,0,0,0,-73,0,0,-73,0,-83,-73
14,10,0,0,-68,0,0,0,-73,-76,0,-74,0,0,0,-73,0,0,-73,-80,-83,-73
14,10,1,0,-63,0,0,0,0,-86,0,-84,0,0,0,0,0,0,-85,-84,-83,0
14,10,2,0,-60,0,0,0,0,-86,0,-84,0,0,0,0,0,0,-85,-84,-83,0
14,10,3,0,-58,0,0,0,0,-86,0,-84,0,0,0,0,0,0,-85,-79,-83,0
15,10,0,0,-61,0,0,0,0,-82,0,-84,0,0,0,0,0,0,-85,-75,-83,0
15,10,1,0,-61,0,0,0,0,-80,0,0,0,0,0,0,0,0,0,-76,-83,0
15,10,2,0,-59,0,0,0,0,-80,0,0,0,0,0,0,0,0,0,-76,-83,0
15,10,3,0,-55,0,0,0,0,-83,0,0,0,0,0,0,0,0,0,-76,-83,0
16,10,0,0,-59,0,0,0,0,-83,0,0,0,0,0,0,0,0,0,-78,-83,0
16,10,1,0,-59,0,0,0,0,-83,0,0,0,0,0,0,0,0,0,-78,-83,0
16,10,2,0,-57,0,0,0,0,-83,0,0,0,0,0,0,0,0,0,-77,0,0
16,10,3,0,-53,0,0,0,0,0,0,0,0,0,0,0,0,0,0,-73,0,0
17,10,0,0,-49,0,0,0,0,0,0,0,0,0,0,0,0,0,0,-74,0,0
17,10,1,0,-49,0,0,0,0,0,0,0,0,0,0,0,0,0,0,-70,0,0
17,10,2,0,-38,0,0,0,0,0,0,0,0,0,0,0,0,0,0,-74,0,0
17,10,3,0,-41,0,0,0,0,0,0,0,0,0,0,0,0,0,0,-74,0,0
18,10,0,0,-50,0,0,0,0,0,0,0,0,0,0,0,0,0,0,-76,0,0
18,10,1,0,-48,0,0,0,0,0,0,0,0,0,0,0,0,0,0,-75,0,0
18,10,2,0,-40,0,0,0,0,0,0,0,0,0,0,0,0,0,0,-77,0,0
18,10,3,0,-42,0,0,0,0,0,0,0,0,0,0,0,0,0,0,-74,0,0
19,10,0,0,-55,0,0,0,0,0,0,0,0,0,0,0,0,0,0,-82,0,0
19,10,1,0,-60,0,0,0,0,0,0,0,0,0,0,0,0,0,0,-79,0,0
19,10,2,0,-49,0,0,0,0,0,0,0,0,0,0,0,0,0,0,-79,0,0
19,10,3,0,-51,0,0,0,0,0,0,0,0,0,0,0,0,0,0,-77,0,0
20,10,0,0,-59,0,0,0,0,0,0,0,0,0,0,0,0,0,0,-77,0,0
20,10,1,0,-46,0,0,0,0,0,0,0,0,0,0,0,0,0,0,-84,0,0
20,10,2,0,-52,0,0,0,0,0,0,0,0,0,0,0,0,0,0,-84,0,0
20,10,3,0,-55,0,0,0,0,0,0,0,0,0,0,0,0,0,0,-84,0,0
20,10,3,0,-55,0,0,0,0,0,0,0,0,0,0,0,0,0,0,-85,0,0
18,3,0,0,0,0,0,0,-77,0,0,-85,0,0,0,-77,0,0,0,0,-83,-78
18,3,1,0,0,0,0,0,-77,0,0,0,0,0,0,-77,0,0,0,0,-83,-78
18,3,2,0,-70,0,0,0,-77,0,0,0,0,0,0,-77,0,0,0,0,-83,-78
18,3,3,0,-70,0,0,0,-80,0,0,0,0,0,0,-77,0,0,0,0,-83,-78
18,3,3,0,-69,0,0,0,-80,0,0,0,0,0,0,0,0,0,0,-79,-83,-92
18,4,0,0,-73,0,0,0,-80,0,0,0,0,0,0,0,0,0,0,-79,-83,-92
18,4,1,0,-73,0,0,0,0,-82,0,0,0,0,0,0,0,0,0,-79,-83,-92
18,4,2,0,-73,0,0,0,0,-82,0,0,0,0,0,0,0,0,0,-79,-83,0
18,4,3,0,0,0,0,0,0,-82,0,0,0,0,0,0,0,0,0,-75,-83,0
18,5,0,0,0,0,0,0,-82,-82,0,0,0,0,0,-81,0,0,0,-82,-83,-82
18,5,1,0,0,0,0,0,-82,0,0,0,0,0,0,-81,0,0,0,-82,-83,-82
18,5,2,0,0,0,0,0,-82,0,0,0,0,0,0,-81,0,0,0,-76,-83,-82
18,5,3,0,-69,0,0,0,-82,0,0,0,0,0,0,-81,0,0,0,-76,-83,-82
18,5,3,0,-65,0,0,0,0,0,0,0,0,0,0,-81,0,0,0,-72,-83,0
18,6,0,0,-65,0,0,0,0,0,0,0,0,0,0,-81,0,0,0,-73,-83,0
18,6,1,0,-63,0,0,0,0,0,0,0,0,0,0,0,0,0,0,-74,-83,0
18,6,2,0,-63,0,0,0,0,0,0,0,0,0,0,0,0,0,0,-76,-83,0
18,6,3,0,-63,0,0,0,0,0,0,0,0,0,0,0,0,0,0,-76,-83,0
18,7,0,0,-64,0,0,0,0,0,0,0,0,0,0,0,0,0,0,-71,-88,0
18,7,1,0,-56,0,0,0,0,0,0,0,0,0,0,0,0,0,0,-73,-85,0
18,7,2,0,-57,0,0,0,0,0,0,0,0,0,0,0,0,0,0,-77,-85,0
18,7,3,0,-59,0,0,0,0,0,0,0,0,0,0,0,0,0,0,-78,-85,0
18,8,0,0,-55,0,0,0,0,0,0,0,0,0,0,0,0,0,0,-74,-85,0
18,8,1,0,-53,0,0,0,0,0,0,0,0,0,0,0,0,0,0,-72,-85,0
18,8,2,0,-89,0,0,0,0,0,0,0,0,0,0,0,0,0,0,-69,-85,0
18,8,3,0,-89,0,0,0,0,0,0,0,0,0,0,-84,0,0,0,-70,0,0
18,9,0,0,-42,0,0,0,0,0,0,0,0,0,0,-84,0,0,0,-71,0,0
18,9,1,0,-41,0,0,0,0,0,0,0,0,0,0,0,0,0,0,-75,0,0
18,9,2,0,-45,0,0,0,0,0,0,0,0,0,0,0,0,0,0,-71,0,0
18,9,3,0,-45,0,0,0,0,0,0,-85,0,0,0,0,0,0,-84,-72,-83,0
18,9,3,0,-45,0,0,-76,-77,-66,0,-85,0,0,0,-76,0,-80,-84,-72,-83,-79
18,9,3,-68,-45,0,-68,-76,-77,-60,-68,0,0,-68,-68,-62,-68,-80,0,-79,-62,-79
18,9,3,0,0,0,0,0,0,-66,0,0,0,0,0,0,0,0,0,0,-62,0
10,1,0,0,0,0,0,0,0,-70,0,-52,0,0,0,-52,0,0,-52,0,-62,-52
10,1,1,0,0,0,-73,0,-58,-72,0,-56,0,0,-73,-56,0,0,-56,0,-54,-56
10,1,2,0,0,0,-73,0,-62,-71,0,-60,0,0,-73,-61,0,0,-61,-80,-64,-61
10,1,3,0,0,0,-73,0,-56,-61,0,-55,0,0,-73,-56,0,0,-56,-80,-64,-55
10,1,3,0,0,0,-73,-84,-56,-55,0,-55,0,0,-73,-56,0,-79,-56,-81,-64,-52
11,1,0,0,0,0,0,-84,-53,-63,0,-53,0,0,0,-53,0,-79,-53,-81,-52,-53
11,1,1,0,0,0,0,-77,-57,-61,0,-57,0,0,0,-57,0,0,-57,0,-53,-57
11,1,2,0,0,0,0,-77,-60,-56,0,-60,0,0,0,-60,0,-77,-60,0,-57,-62
11,1,3,0,0,0,0,-77,-54,-53,0,-54,0,0,0,-54,0,-79,-54,0,-61,-54
12,1,0,0,0,0,0,-76,-54,-65,0,-55,0,0,0,-55,0,-79,-55,-78,-57,-55
12,1,1,0,0,0,0,-76,-61,-53,0,-55,0,0,0,-60,0,0,-60,-78,-57,-59
12,1,2,0,0,0,0,-76,-61,-52,0,-55,0,0,0,-62,0,-78,-62,-78,-58,-61
12,1,3,0,0,0,0,-76,-57,-61,0,-55,0,0,0,-58,0,-78,-58,-78,-68,-58
12,3,0,0,0,0,0,-76,-57,-59,0,-52,0,0,0,-58,0,-81,-52,0,-68,-58
12,3,1,-68,0,0,-68,0,-68,-51,-68,-52,0,-68,-69,0,-68,-82,-64,0,-68,0
12,3,2,-68,0,0,-68,0,-64,-58,-68,-60,0,-68,-69,-63,-69,-82,-63,0,-65,-63
12,3,3,-68,0,0,-68,0,-58,-55,-68,-57,0,-68,-69,-57,-69,-82,-58,0,-67,-58
12,3,3,-68,0,0,-68,-80,-59,-54,-68,-58,0,-70,-68,-57,-68,-82,-60,0,-56,-59
11,3,0,-68,0,0,-68,-80,-56,-65,-68,-56,0,-70,-70,-56,-68,0,-56,-74,-70,-56
11,3,1,-68,0,0,-68,-80,-62,-55,-69,-56,0,-69,-69,-63,-68,0,-56,-76,-57,-56
11,3,2,0,0,0,0,0,-70,-51,-70,-69,0,-69,-69,-71,-68,-79,-70,-73,-61,-69
11,3,3,0,0,0,0,0,-58,-63,-70,-58,0,-69,-69,-59,-68,-79,-58,-73,-70,-58
10,3,0,0,0,0,0,0,-58,-66,-70,-58,0,-69,0,-55,0,-79,-58,-71,-56,-58
10,3,1,0,0,0,0,0,-64,-69,0,-64,0,-69,0,-61,0,0,-64,-76,-55,-64
10,3,2,0,0,-63,0,0,-64,-65,0,-64,0,-69,-71,-63,0,0,-64,-75,-64,-64
10,3,3,-70,0,-63,-71,0,-60,-58,-70,-60,0,-70,-70,-61,0,0,-61,-75,-65,-61
10,3,3,-66,0,-66,-67,0,-60,-62,-66,-61,0,-66,-66,-61,-66,0,-61,-75,-65,-61
10,4,0,-55,0,-66,-56,0,-60,-60,-56,-58,0,-56,-56,-61,-55,0,-61,-75,-65,-61
10,4,1,-63,0,0,-64,0,-60,-58,-64,-62,0,-64,-64,-63,-63,-78,-62,-75,-61,-62
10,4,2,-59,0,0,-59,0,-68,-54,-59,-68,0,-59,-59,-63,-59,-77,-69,-68,-59,-62
10,4,3,-61,0,0,-61,0,-59,-54,-59,-59,0,-61,-61,-58,-62,-80,-59,-72,-63,-58
11,4,0,-66,0,-65,-67,0,-59,-64,-67,-58,0,-67,-66,-58,-67,-80,-59,-75,-63,-58
11,4,1,-64,0,-65,-64,-82,-63,-52,-64,-61,0,-64,-64,-62,-64,-76,-61,-75,-58,-62
11,4,2,-62,0,-65,-62,-82,-69,-48,-62,-72,0,-62,-62,-69,-62,-76,-68,-75,-58,-68
11,4,3,-58,0,-65,-58,-82,-61,-57,-58,-60,0,-58,-58,-69,-58,-76,-58,-75,-59,-58
12,4,0,-58,0,0,-58,-82,-49,-59,-58,-60,0,-58,-58,-69,-58,-76,-49,0,-59,-49
12,4,1,0,0,0,0,0,-60,-51,0,-63,0,0,0,-63,0,-76,-60,-84,-54,-60
12,4,2,-60,0,0,-60,0,-60,-50,-59,-63,0,-59,-60,-63,-60,-75,-69,-80,-51,-60
12,4,3,-60,0,0,-60,0,-53,-55,-59,-54,0,-59,-60,-54,-60,-80,-55,-80,-63,-53
12,4,3,-60,0,0,-60,-75,-53,-52,-59,-54,0,-59,-60,-54,-60,-80,-55,-80,-63,-53
9,5,0,0,-70,-70,0,-75,-72,-61,0,-72,0,0,0,-73,0,0,-73,-66,-72,-73
9,5,1,-71,-70,-70,-71,-78,-74,-53,-71,-73,0,0,-72,-73,-72,0,-73,-66,-74,-73
9,5,2,-71,-70,-70,-71,-78,-75,-49,-71,-73,0,0,-72,-76,-72,0,-73,-66,-74,-73
9,5,3,-63,0,-70,-63,-77,-75,-58,-63,-73,0,-62,-64,-76,-64,0,-73,-77,-75,-73
10,5,0,-61,0,-63,-61,-77,-68,-56,-61,-68,0,-61,-61,-68,-61,0,-68,-67,-69,-68
10,5,1,-69,0,-66,-69,-82,-68,-56,-69,-68,0,-61,-61,-68,-69,-69,-68,-73,-71,-68
10,5,2,-69,0,-73,-69,-75,-71,-49,-69,-68,0,-61,-61,-71,-69,-76,-71,-68,-71,-71
10,5,3,-64,0,-66,-64,-75,-63,-54,-64,-60,0,-63,-63,-63,-64,-76,-63,-74,-63,-63
11,5,0,-64,0,-62,-64,-75,-57,-58,-63,-60,0,-62,-64,-57,-64,-75,-63,-75,-63,-63
11,5,1,-64,0,-59,-64,0,-64,-53,-63,-65,0,-62,-64,-63,-64,-74,-64,-75,-65,-64
11,5,2,-64,0,-67,-67,0,-65,-49,-67,-65,0,-66,-68,-65,-67,-76,-65,-75,-65,-65
11,5,3,-60,0,-67,-61,0,-65,-57,-61,-65,0,-61,-61,-65,-61,-77,-65,-71,-66,-65
12,5,0,-62,-67,-60,-62,0,-57,-56,-62,-57,0,-62,-62,-57,-62,-77,-57,-75,-57,-57
12,5,1,-65,-67,-60,-65,0,-61,-50,-64,-61,0,-65,-65,-61,-65,-76,-61,-75,-61,-61
12,5,2,-64,-67,-66,-64,0,-61,-51,-64,-68,0,-64,-65,-61,-64,-76,-68,-77,-68,-61
12,5,3,-62,-67,-61,-62,0,-55,-55,-62,-68,0,-62,-62,-61,-62,-76,-68,-77,-68,-56
13,5,0,-70,0,-60,-70,0,-55,-54,-70,-68,0,-70,-70,-61,-70,-83,-68,-71,-68,-56
13,5,1,-70,0,-60,-70,0,-55,-51,-68,0,0,-70,-67,0,-70,-80,-75,-71,0,-56
13,5,2,-68,0,-60,-69,0,-72,-61,-68,-72,0,-69,-68,-72,-69,-80,-72,-79,-71,-72
13,5,3,-64,0,-66,-63,-79,-71,-56,-63,-71,0,-63,-63,-71,-63,-76,-71,-76,-71,-71
14,5,0,-68,0,-66,-68,-79,-71,-56,-68,-71,0,-68,-68,-71,-68,-76,-72,-76,-71,-72
14,5,1,-68,0,-67,-68,0,-68,-53,-68,0,0,-68,-68,-71,-68,-80,-72,0,0,-72
14,5,2,-70,0,-61,-68,0,-74,-55,-70,0,0,-68,-70,-75,-68,-81,-72,0,0,-72
14,5,3,-70,0,-61,0,0,-74,-58,-70,0,0,0,-70,-73,0,-81,0,0,0,0
9,6,0,-69,0,-61,-69,0,-74,-56,-69,0,0,-69,-69,-70,-69,-81,0,-80,-71,0
9,6,1,-69,0,-61,-69,-82,-71,-44,-69,0,0,-69,-69,-70,-69,0,-71,-80,-73,-71
9,6,2,-65,0,0,-65,-82,-71,-45,-65,-75,0,-65,-65,-74,-65,0,-71,-80,-77,-71
9,6,3,-61,0,-66,-61,-82,-71,-49,-61,-73,0,-61,-61,-74,-61,-75,-72,0,-72,-71
10,6,0,-61,0,-66,-61,-82,-63,-52,-61,-64,0,-65,-65,-74,-61,-75,-64,-74,-64,-61
10,6,1,-68,0,-66,-67,0,-62,-52,-66,-62,0,-65,-66,-62,-67,-75,-62,-74,-62,-61
10,6,2,-66,0,-66,-66,0,-66,-48,-66,-66,0,-65,-66,-66,-66,-75,-66,-74,-64,-64
10,6,3,-62,0,-61,-62,0,-60,-57,-62,-61,0,-62,-62,-61,-62,0,-59,-74,-67,-60
10,6,3,-63,0,-61,-64,0,-60,-53,-63,-60,0,-64,-64,-61,-64,0,-59,-76,-67,-60
10,6,0,-65,0,0,-65,0,-58,-56,-65,-60,0,-65,-65,0,-64,0,-58,-77,-67,-58
10,6,1,-65,0,0,-65,-82,-65,-50,-65,-66,0,-65,-65,-66,-64,0,-65,-77,-58,-65
10,6,2,-58,-74,-66,-59,-82,-67,-47,-58,-67,0,-59,-58,-66,-58,0,-67,-73,-58,-67
10,6,3,-58,-74,-66,-59,-82,-67,-50,-58,-67,0,-59,-58,-63,-58,0,-64,-73,-64,-67
11,6,0,-61,-74,-66,-61,-82,-64,-55,-61,-66,0,-61,-61,-65,-61,0,-64,-73,-60,-65
11,6,1,-66,0,0,-65,-81,-64,-53,-65,-64,0,-65,-66,-65,-65,0,-64,0,-59,-64
11,6,2,-63,-66,0,-63,-81,-68,-47,-62,-68,0,-62,-63,-67,-63,-74,-68,-73,-66,-67
11,6,3,-62,-66,0,-62,-81,-68,-51,-62,-59,0,-62,-62,-67,-62,-74,-59,-73,-69,-67
12,6,0,-63,-66,0,-63,-81,-65,-56,-63,-64,0,-64,-63,-65,-63,-85,-64,-71,-60,-66
12,6,1,-63,0,-90,-63,0,-63,-47,-63,-64,0,-64,-63,-64,-63,-80,-64,-71,-63,-66
12,6,2,-67,0,-69,-67,-82,-71,-49,-66,-73,0,-67,-67,-71,-67,-80,-74,-79,-71,-74
12,6,3,-63,0,-65,-63,-78,-61,-48,-62,-62,0,-63,-63,-62,-62,-80,-62,-75,-61,-62
13,6,0,-63,-59,-61,-63,-78,-69,-53,-62,-69,0,-63,-63,-69,-62,-80,-68,-71,-68,-69
13,6,1,-70,-59,-61,-70,-79,-66,-54,-70,-67,0,-70,-70,-65,-70,-76,-69,-71,-67,-69
13,6,2,-68,-59,-67,-68,-79,-66,-57,-68,-67,0,-68,-68,-74,-68,-76,-69,-70,-67,-69
13,6,3,-67,0,-65,-67,-78,-69,-54,-67,-69,0,-67,-67,-70,-67,-76,-69,-74,-69,-69
14,6,0,-71,0,-61,-67,-78,-72,-73,-67,-72,0,-67,-67,-72,-67,-76,-71,-82,-72,-72
14,6,1,-70,0,-65,-67,-78,-64,-69,-69,-64,0,-67,-67,-64,-67,0,-63,-82,-64,-62
14,6,2,-70,0,-64,-67,-78,-61,-65,-69,-61,0,-67,-67,-61,-67,0,-59,-82,-61,-61
14,6,3,-66,0,-61,-65,0,-71,-61,-65,-61,0,-65,-65,-61,-65,0,-71,-79,-61,-72
14,6,3,-68,0,-61,-67,0,-71,-51,-67,-61,0,-67,-68,-68,-67,0,-71,-79,-67,-72
9,7,0,-68,0,-61,-67,0,-81,-58,-67,0,0,-67,-68,-68,-67,-77,0,0,-67,0
9,7,1,0,0,-61,0,-85,-63,-49,0,-65,0,0,0,-64,0,-77,-64,-81,-64,-65
9,7,2,-69,0,0,-69,-85,-61,-48,-69,-64,0,-69,-70,-64,-69,-77,-64,-81,-64,-64
9,7,3,-69,0,-64,-67,-85,-61,-48,-69,-64,0,-69,-70,-64,-69,-77,-64,-81,-64,-64
10,7,0,-69,0,-64,-67,-85,-69,-58,-71,-70,0,-69,-70,-71,-69,-77,-70,-81,-70,-70
10,7,1,-71,0,-64,0,0,-69,-52,-71,-70,0,-71,-71,-71,-71,0,-70,0,-71,-70
10,7,2,-65,0,-71,-64,0,-69,-52,-65,-70,0,-65,-65,-73,-65,0,-70,0,-71,-70
10,7,2,-65,-70,-71,-64,0,-64,-48,-65,-64,0,-65,-65,-65,-65,-88,-64,-84,-65,-65
10,7,3,-62,-70,-65,-62,-82,-62,-50,-61,-63,0,-62,-62,-62,-62,-88,-63,-76,-62,-63
11,7,0,-69,-70,-65,-70,-82,-59,-46,-69,-58,0,-62,-70,-62,-69,-77,-59,-81,-60,-60
11,7,1,-69,0,-65,-70,0,-67,-47,-69,-67,0,-70,-70,-70,-69,-77,-67,-81,-68,-67
11,7,2,-59,0,-69,-59,0,-70,-50,-59,-70,0,-59,-60,-70,-59,-78,-70,-73,-69,-70
11,7,3,-64,0,-69,-63,0,-66,-57,-63,-66,0,-64,-64,-66,-64,-82,-65,-73,-65,-64
12,7,0,-64,0,-69,-63,0,-65,-54,-63,-65,0,-64,-70,-65,-64,-82,-64,-73,-64,-64
12,7,1,-63,0,-69,-63,0,-70,-58,-63,-71,0,-63,-65,-70,-63,-82,-71,0,-71,-71
12,7,2,-59,-68,-68,-59,0,-70,-54,-59,-70,0,-59,-59,-70,-59,0,-70,-80,-70,-70
12,7,3,-63,-68,-71,-63,-80,-64,-61,-63,-64,0,-63,-63,-64,-63,0,-65,-80,-64,-64
13,7,0,-67,-63,-62,-66,-80,-68,-54,-66,-64,0,-66,-67,-68,-67,-77,-65,-71,-64,-64
13,7,1,-62,-63,-65,-62,0,-64,-63,-62,-64,0,-62,-62,-64,-62,-79,-62,-71,-64,-64
13,7,2,-66,-64,-65,-66,0,-72,-63,-66,-72,0,-62,-66,-72,-66,-79,-72,-71,-72,-72
13,7,3,-60,-64,-67,-60,-79,-69,-59,-60,-69,0,-59,-60,-70,-60,-79,-69,-75,-72,-70
14,7,0,-60,-67,-61,-68,-79,-69,-67,-68,-70,0,-59,-68,-70,-68,-79,-70,-75,-71,-70
14,7,1,-71,-67,-68,-70,-76,-59,-63,-70,-61,0,-71,-70,-61,-71,0,-61,-75,-61,-59
14,7,2,-71,-66,-65,-70,-76,-59,-63,-70,-61,0,-71,-70,-61,-71,0,-61,-77,-71,-59
14,7,3,-66,-66,-63,-66,-76,-68,-63,-65,-61,0,-65,-65,-68,-66,0,-69,-80,-71,-68
9,8,0,-66,-66,-63,-66,0,-63,-55,-65,-63,0,-65,-65,-63,-66,-82,-63,-80,-63,-63
9,8,1,0,0,-63,0,0,-66,-54,0,-67,0,0,0,-65,0,-82,-67,0,-67,-67
9,8,2,-67,0,-63,-68,-83,-67,-55,-68,-67,0,0,-67,-65,-68,-82,-67,-77,-67,-66
9,8,3,-65,0,-63,-65,-83,-67,-57,-66,-68,0,-65,-65,-68,-65,-82,-67,-77,-68,-68
10,8,0,-73,0,-63,-65,-83,-64,-52,-66,-64,0,-65,-65,-64,-65,0,-64,-77,-68,-64
10,8,1,-73,0,-63,0,0,-64,-60,0,-64,0,0,0,-64,-71,-78,-65,0,-66,-65
10,8,2,-64,0,-63,-62,-79,-72,-50,-62,-72,0,-62,-62,-72,-63,-78,-73,0,-73,-73
10,8,3,-63,0,-63,-62,-79,-66,-55,-62,-66,0,-62,-62,-66,-63,-78,-67,-71,-66,-66
11,8,0,-63,0,-68,-62,-79,-68,-59,-62,-68,0,-62,-62,-67,-63,-78,-68,-77,-67,-68
11,8,1,-63,0,-65,-64,0,-70,-63,-64,-70,0,-64,-64,-70,-64,-79,-70,-77,-70,-71
11,8,2,-59,0,-65,-60,0,-75,-67,-60,-70,0,-59,-60,-70,-60,-79,-74,-77,-70,-75
11,8,3,-63,0,-65,-62,0,-75,-65,-63,-64,0,-63,-63,-70,-62,-79,-65,-76,-65,-75
12,8,0,-59,0,-65,-58,0,-72,-71,-59,-70,0,-59,-59,-72,-59,0,-69,-76,-70,-72
12,8,1,-59,0,-65,-59,0,-70,-70,-59,-71,0,-59,-59,-71,-59,0,-71,-76,-69,-71
12,8,2,-57,0,0,-57,0,-78,-64,-57,-71,0,-57,-57,-71,-57,0,-77,-76,-69,-77
12,8,3,-66,0,-61,-64,0,-68,-64,-66,-69,0,-66,-66,-68,-66,-84,-68,0,-69,-68
13,8,0,-66,-69,-61,-60,0,-73,-60,-66,-69,0,-66,-66,-73,-66,-84,-74,-79,-73,-74
13,8,1,-61,-70,-61,-64,0,-65,-64,-61,-69,0,-62,-61,-65,-61,-84,-66,-75,-65,-66
13,8,2,-61,-63,-61,-67,0,-65,-62,-61,-70,0,-62,-61,-65,-61,-84,-66,-74,-69,-66
13,8,3,-61,-70,-61,-64,0,-65,-64,-61,-69,0,-62,-61,-65,-61,-84,-66,-75,-65,-66
14,8,0,-69,-66,-62,-70,0,-68,-61,-69,-69,0,-69,-69,-69,-69,0,-69,-80,-70,-69
14,8,1,-69,-66,-61,-70,0,-70,-60,-69,-70,0,-69,-69,-71,-69,0,-71,-80,-71,-71
14,8,2,-69,-66,-65,-70,0,-70,-70,-69,-70,0,-69,-69,-71,-69,0,-71,-77,-71,-71
14,8,3,-69,-66,-65,-70,0,-70,-70,-69,-70,0,-69,-69,-71,-69,0,-71,-77,-71,-71
