X,Y,D,e8:ba:70:92:aa:b5,e8:ba:70:92:c4:e1,dc:a5:f4:b8:73:83,e8:ba:70:c2:44:11,e8:ba:70:c2:44:34,e8:ba:70:61:25:52,58:35:d9:aa:c2:44,58:35:d9:aa:d5:e3,e8:ba:70:61:07:01,e8:ba:70:c2:4e:31,dc:a5:f4:b8:73:84,dc:a5:f4:b8:73:80,58:35:d9:aa:19:64,58:35:d9:aa:d5:e0,e8:ba:70:c2:44:33,e8:ba:70:61:07:00,58:35:d9:aa:c2:42,e8:ba:70:9c:c7:33,e8:ba:70:c2:41:90,e8:ba:70:c2:41:95,e8:ba:70:92:aa:b4,e8:ba:70:61:25:55,e8:ba:70:92:b3:24,e8:ba:70:c2:44:32,e8:ba:70:61:25:50,e8:ba:70:c2:44:14,e8:ba:70:c2:44:35,e8:ba:70:92:b3:20,e8:ba:70:92:c4:e0,c4:a8:1d:8d:6f:08,e8:ba:70:c2:41:92,e8:ba:70:c2:44:13,58:35:d9:aa:d5:e5,e8:ba:70:92:aa:b1,e8:ba:70:61:07:02,e8:ba:70:61:25:54,e8:ba:70:61:25:53,e8:ba:70:92:c4:e4,e8:ba:70:c2:44:12,58:35:d9:aa:c2:40,58:35:d9:aa:99:e0,e8:ba:70:92:b3:22,e8:ba:70:92:c4:e3,e8:ba:70:92:b3:23,e8:ba:70:c2:4e:30,58:35:d9:aa:d5:e2,e8:ba:70:c2:4e:33,dc:a5:f4:b8:73:81,58:35:d9:aa:c4:e0,e8:ba:70:c2:41:91,e8:ba:70:61:07:03,e8:ba:70:c2:41:94,e8:ba:70:92:aa:b3,58:35:d9:aa:99:e3,e8:ba:70:9c:c7:32,e8:ba:70:c2:44:31,14:dd:a9:70:cc:60,e8:ba:70:9c:c7:35,e8:ba:70:c2:4e:32,e8:ba:70:92:b3:25,30:f7:72:5c:ed:28,58:35:d9:aa:99:e1,dc:a5:f4:b8:73:82,e8:ba:70:92:aa:b0,58:35:d9:aa:99:e2,e8:ba:70:61:25:51,e8:ba:70:61:07:04,00:26:52:db:01:b0,58:35:d9:aa:99:e5,00:26:5a:41:4e:88,e8:ba:70:c2:44:30,e8:ba:70:c2:44:10,58:35:d9:aa:19:e0,58:35:d9:aa:99:e4,e8:ba:70:c2:4e:34,48:ee:0c:ee:27:e4,e8:ba:70:92:c4:e5,e8:ba:70:9c:c7:31,e8:ba:70:9c:c7:34,e8:ba:70:9c:c7:30,14:dd:a9:70:e7:40,e8:ba:70:92:aa:b2,e8:ba:70:c2:44:15,58:35:d9:aa:d5:e1,e8:ba:70:c2:41:93,e8:ba:70:92:b3:21,dc:a5:f4:b8:73:85,e8:ba:70:c2:4e:35,00:26:5a:41:4e:8a,e8:ba:70:61:07:05,58:35:d9:aa:d5:e4,00:19:5b:1f:fd:30,e8:ba:70:92:c4:e2
1,2,0,-78,0,-74,0,0,-71,0,-74,-83,0,-73,-65,0,-73,0,-82,0,0,0,0,-76,-71,0,0,-71,0,0,0,0,0,0,0,-74,-77,-81,-72,-71,0,0,0,-85,0,0,0,0,-70,0,-63,0,0,-83,0,-77,0,0,0,0,0,0,0,0,0,-65,-76,-89,-72,-81,0,-83,-86,0,0,0,-85,0,0,0,0,0,0,-85,-77,0,-70,0,0,-64,0,0,-82,-74,0,0
1,2,1,-78,0,-71,0,0,-77,0,-78,-83,0,-70,-71,0,0,0,-82,0,0,-81,0,0,-71,0,0,-77,0,0,0,0,0,-80,0,-79,-77,-81,-78,-71,0,0,0,0,0,0,0,0,-70,0,-70,0,-81,-83,-81,-77,0,0,0,0,0,0,0,0,0,-71,-76,-89,-72,-81,0,-83,0,0,0,0,0,0,0,0,0,0,0,-85,-77,0,-79,0,0,-66,0,0,-82,0,0,0
1,2,2,-80,0,-73,0,0,-72,0,-71,-83,0,-70,-74,0,0,0,-82,0,0,-82,0,-80,-73,0,0,-73,0,0,0,0,0,-80,0,-79,-77,-83,-72,-72,0,0,0,0,0,0,0,0,-70,0,-70,0,-81,-84,-81,-77,0,0,0,0,0,0,0,0,-89,-71,-76,-89,-72,-83,0,-83,0,0,0,0,0,0,0,0,0,0,0,-85,-80,0,-71,0,0,-66,0,0,-82,0,0,0
1,2,3,-80,0,-70,0,0,-73,0,-71,0,0,-70,-70,0,0,0,0,-83,0,-82,0,-81,-74,0,0,-74,0,0,0,0,0,-86,0,-79,0,-83,-73,-74,0,0,0,0,0,0,0,0,0,0,-70,0,-81,-84,-81,0,0,0,0,0,0,0,0,0,-89,-71,-82,0,-74,-83,0,-83,0,0,0,0,0,0,0,0,0,0,0,-85,-80,0,-71,0,0,-66,0,0,-82,0,0,0
2,2,0,-77,0,-68,0,0,-76,0,-78,-85,0,-69,-67,0,-78,0,-83,0,0,0,0,-76,-76,0,0,-77,0,0,0,0,0,0,0,-79,-78,0,-77,-77,0,0,0,0,0,0,0,0,-77,0,-67,0,0,0,0,-77,0,0,0,0,0,0,0,0,0,-67,-78,0,-75,0,-87,-83,0,0,0,0,0,0,0,0,0,0,0,-79,-77,0,-77,0,0,-67,0,0,-82,-77,0,0
2,2,1,-77,0,-64,0,0,-75,0,-78,-85,0,-65,-65,0,-78,0,-83,0,0,0,0,-76,-76,0,0,-77,0,0,0,0,-89,0,0,-79,-78,0,-77,-74,0,0,0,0,0,0,0,0,-77,0,-65,0,0,0,0,-77,0,0,0,0,0,0,0,0,0,-64,-78,0,-74,0,-87,-83,0,0,0,0,0,0,0,0,0,0,0,-79,-77,0,-77,0,0,-65,0,0,-82,-77,0,0
2,2,2,-81,0,-72,0,0,-75,0,-73,-85,0,-65,-72,0,-73,0,-83,0,0,0,0,-82,-75,0,0,-76,0,0,0,0,-89,0,0,-74,-82,0,-75,-74,0,0,0,0,0,0,0,0,-73,0,-71,0,0,0,0,-82,0,0,0,0,0,0,0,0,0,-64,-81,0,-74,0,-87,-83,0,0,0,0,0,0,0,0,0,0,0,-79,-81,0,-73,0,0,-65,0,0,-82,-73,0,0
2,2,3,-76,0,-69,0,0,-70,0,-79,-81,0,-69,-68,0,-73,0,-80,0,0,0,0,-76,-70,0,0,-70,0,0,0,0,-89,0,0,-80,-75,-82,-69,-70,0,0,0,0,0,0,0,0,-73,0,-69,0,0,-81,-79,-75,0,0,0,0,0,0,0,0,0,-69,-75,0,-68,-81,0,-83,-88,0,0,0,0,0,0,0,0,0,0,0,-74,0,-73,0,0,-65,0,0,-82,-73,0,0
3,2,0,-73,0,-67,0,0,-76,0,-79,-81,0,-67,-67,0,-77,0,-80,0,0,0,0,-76,-76,0,0,-76,0,0,0,0,0,0,0,-80,-75,-82,-75,-75,0,0,0,0,0,0,0,0,-77,0,-67,0,0,-81,-79,-74,-88,0,0,0,0,0,0,0,-87,-67,-73,0,-76,-81,0,-87,-88,0,0,0,0,0,0,0,0,0,0,-76,-74,0,-73,0,0,-67,0,0,-82,-77,0,0
3,2,1,-78,0,-67,0,0,-74,0,-74,0,0,-67,-67,0,-76,0,0,0,0,0,0,-79,-74,0,0,-73,0,0,0,0,0,-83,0,-74,-78,-86,-73,-74,0,0,0,0,0,0,0,0,-75,0,-67,0,0,-85,-83,-78,-88,0,0,0,0,0,0,0,-87,-67,-78,0,-73,0,0,-87,0,0,0,0,0,0,0,0,0,0,0,-85,-78,0,-73,0,0,-67,0,0,-82,-76,0,0
3,2,2,-77,0,-63,0,0,-77,0,-74,0,0,-63,-64,0,-79,0,0,0,0,-84,0,-77,-76,0,0,-77,0,0,0,0,0,-83,0,-78,-77,-86,-77,-78,0,0,0,0,0,0,0,0,-79,0,-63,0,0,-85,-83,-77,-88,0,0,0,0,0,0,0,-87,-63,-77,0,-77,0,0,-87,-87,0,0,0,0,0,0,0,0,0,0,-79,-77,0,-73,0,0,-73,0,0,-82,-76,0,0
3,2,3,-72,0,-66,0,0,-75,0,-74,0,0,-67,-67,0,-79,0,0,0,0,-84,0,-72,-77,0,0,-77,0,0,0,0,0,-83,0,-78,-73,-86,-77,-77,0,0,0,0,0,0,0,0,-84,0,-67,0,0,-85,-83,-74,0,0,0,0,0,0,0,0,-86,-67,-73,-88,-76,0,0,-87,-87,0,0,0,-88,0,0,0,0,0,0,-80,-72,0,-73,0,0,-67,0,0,-82,-76,0,0
4,2,0,-75,0,-69,0,0,-77,0,-75,0,0,-68,-68,0,-76,0,0,0,0,-83,0,-76,-76,0,0,-76,0,0,0,0,0,0,0,-74,-76,0,-76,-76,0,0,0,-86,0,0,0,-83,-76,-83,-67,0,-83,0,-82,-76,0,0,0,0,0,0,0,0,-86,-69,-76,-88,-76,0,0,-87,-87,0,0,0,-86,0,0,0,0,0,0,-74,-76,0,-75,0,0,-69,-83,0,-82,-76,0,0
4,2,1,-78,0,-65,0,0,-78,0,-73,0,0,-65,-65,0,-74,0,0,0,0,-85,0,-80,-77,0,0,-78,0,0,0,0,0,0,0,-73,-79,0,-77,-78,0,0,0,-86,0,0,0,-83,-74,-83,-65,0,-83,0,-82,-79,0,0,0,0,0,0,0,0,0,-65,-80,0,-78,0,0,-87,0,0,0,0,-86,0,0,0,0,0,0,-79,-80,0,-78,0,0,-65,-83,0,-82,-73,0,0
4,2,2,-76,0,-65,0,0,-73,0,-79,-85,0,-70,-69,0,-78,0,0,0,0,-85,0,-77,-73,0,0,-73,0,0,0,0,0,0,0,-78,-75,0,-73,-73,0,0,0,-87,0,0,0,-83,-74,-83,-65,0,-83,0,-82,-75,0,0,0,0,0,0,0,0,0,-68,-76,-87,-73,0,-91,-87,0,0,0,0,-86,0,0,0,0,0,0,-76,-75,0,-78,0,0,-65,-83,-89,-82,-73,0,0
4,2,3,-75,0,-66,0,0,-70,0,-79,-81,0,-67,-65,0,-78,0,-82,0,0,-81,0,-76,-70,0,0,-70,0,0,0,0,0,0,0,-78,-75,-82,-70,-70,0,0,0,-87,0,0,0,0,-74,0,-64,0,0,-82,-81,-75,0,0,0,0,0,0,0,0,0,-65,-75,-87,-70,-81,-91,-89,0,0,0,0,0,0,0,0,0,0,0,-79,-74,0,-85,0,0,-65,-83,-88,-82,-73,0,0
5,2,0,-75,0,-65,0,0,-81,0,-80,-74,0,-74,-65,0,-78,0,-82,0,0,-81,0,-77,-82,0,0,-81,0,0,0,0,0,0,0,-79,-76,-74,-82,-83,0,0,0,0,0,0,0,0,0,0,-63,0,0,-74,-81,-75,0,0,0,0,0,0,0,0,0,-65,-75,0,-81,-74,0,-89,-80,0,0,0,0,0,0,0,0,0,0,-74,-77,0,-85,0,0,-65,-83,-88,-82,0,0,0
5,2,1,-75,0,-68,0,-82,-69,0,-75,-74,0,-68,-68,0,0,-83,-83,0,0,0,0,-77,-70,0,-82,-69,0,-83,0,0,0,0,0,-75,-76,-83,-70,-70,0,0,0,0,0,0,0,0,0,0,-69,0,0,-74,0,0,0,0,-83,0,0,0,0,0,-89,-68,-79,0,-69,-74,0,-89,-80,-81,0,0,0,0,0,0,0,0,0,-84,-77,0,-75,0,0,-65,-83,0,-82,0,0,0
5,2,2,-76,0,-63,0,-82,-70,0,-75,-74,0,-63,-63,0,-79,-83,-83,0,0,0,0,-76,-71,0,-82,-70,0,-83,0,0,0,0,0,-75,-76,-83,-71,-71,0,0,0,0,0,0,0,0,-78,0,-63,0,-82,-74,0,0,0,0,-83,0,0,0,0,0,-83,-63,-75,-84,-70,-74,0,-89,-80,-81,0,0,0,0,0,0,0,0,0,-73,-76,0,-75,-82,0,-63,-83,0,-82,-77,0,0
5,2,3,-79,0,-67,0,-82,-68,0,-75,0,0,-67,-67,0,-81,-83,-83,0,0,-76,-75,-76,-69,0,-82,-68,0,-83,0,0,0,-76,0,-81,-79,-81,-69,-69,0,0,0,0,0,0,0,0,-80,0,-67,0,-76,0,-76,-79,0,0,-83,0,0,0,0,0,-83,-67,-75,-84,-68,-79,0,-82,0,-81,0,0,-85,0,0,0,0,0,0,-74,-79,0,-75,-75,0,-67,-83,-86,-82,-77,0,0
6,2,0,-76,0,-69,0,-85,0,0,0,-71,-77,-70,-68,0,-80,0,-72,0,0,0,-86,-79,-83,0,-85,0,0,-84,0,0,0,0,0,0,-79,-73,0,-83,0,0,0,-87,0,0,0,-77,0,0,-66,0,-86,-71,0,-79,0,0,-84,0,0,0,0,0,-85,-69,-76,-86,-83,-72,0,0,-80,-85,0,0,0,-76,-85,0,0,0,0,-70,-79,0,0,0,0,-68,-83,-86,-72,-79,0,0
6,2,1,-83,0,-66,0,-83,0,0,-78,-69,-77,-67,-67,0,-78,-84,-69,0,-85,0,-86,-79,-83,0,-83,0,0,-83,0,0,0,0,0,0,-79,-69,0,-84,0,0,0,-80,0,0,0,-78,0,0,-66,0,-85,-70,0,-83,-80,0,-83,0,-85,0,0,0,0,-66,-76,-86,0,-70,0,-80,-86,-84,0,0,0,-76,0,0,-81,0,0,-57,-79,0,0,-79,0,-67,-83,-86,-69,-79,0,0
6,2,2,-81,0,-63,0,-83,0,0,-78,-79,-77,-63,-61,0,-78,-84,-69,0,-85,0,-86,-79,-82,0,-83,0,0,-83,0,0,0,-80,0,0,-79,-69,0,-80,0,0,0,-85,0,0,0,-78,0,-80,-63,0,-85,-81,-80,-83,-80,0,-83,0,-85,0,0,0,0,-62,-80,-86,-82,-70,-90,-85,-86,-84,0,0,0,-76,0,0,-81,0,0,-63,-81,0,0,-79,0,-61,-81,-87,-69,-79,0,0
6,2,3,-75,0,-63,0,0,0,0,-78,-73,-82,-61,-62,0,0,0,0,0,0,-82,-81,-75,-82,0,0,0,0,-83,0,0,0,-81,0,0,-75,-75,0,-80,0,0,0,-83,0,0,0,-82,-82,-82,-62,0,-83,-74,-80,-75,-82,0,0,0,-85,-83,0,0,-84,-62,-75,-85,-82,-75,-90,-86,-83,0,0,0,0,-83,-84,0,0,0,0,-66,-75,0,-75,-83,0,-62,-82,-87,-73,-82,0,0
7,2,0,-73,0,-64,0,0,0,0,-78,-75,-82,-65,-67,0,0,0,-74,0,-76,-75,-76,-74,-82,0,-84,0,0,-85,0,0,0,-76,0,0,-74,-75,0,-80,0,0,0,-83,0,0,0,-82,-82,-82,-62,0,-76,-74,-77,-74,-82,-78,0,0,-77,-83,0,0,-88,-62,-73,-85,-82,-78,-90,-86,-79,0,0,0,0,-83,-79,0,-76,-76,-77,-67,-73,0,-75,-76,0,-62,-82,-87,-74,-80,0,0
7,2,1,-73,0,-64,0,0,0,0,0,-73,-84,-63,-64,0,0,0,-73,0,-76,-75,-76,-74,-82,0,-84,0,0,-85,0,0,-88,-83,0,0,-74,-73,0,0,0,0,0,-84,0,0,0,-82,0,-82,-63,0,-84,-74,-77,-74,0,-78,0,0,-77,-83,0,0,-88,-64,-73,-84,0,-73,0,-84,-79,0,0,0,0,-83,-79,0,-76,-76,-87,-69,-73,0,0,-76,0,-63,-82,-86,-74,-80,0,0
7,2,2,-82,0,-64,0,-84,0,0,-77,-74,-80,-68,-67,0,0,-84,-71,0,-76,-75,-86,-81,-82,0,-84,0,0,-85,0,0,-88,-83,0,0,-80,-71,0,0,0,0,0,-84,0,0,0,-82,0,-82,-67,0,-84,-71,-77,-81,0,-78,0,0,-77,-83,0,0,-88,-64,-73,-84,0,-71,0,-84,-82,0,0,0,-84,-83,-80,0,-76,-76,-87,-65,-81,0,-77,-76,0,-68,-82,-85,-71,-80,0,0
7,2,3,-80,0,-61,0,-79,-83,0,-77,-73,-79,-63,-61,0,-81,-80,-73,0,0,-81,-81,-80,-82,0,-79,0,0,-79,0,0,0,-80,0,0,-80,-74,-85,0,0,0,0,0,0,0,0,-82,-82,-82,-61,0,-80,-74,-80,-81,-82,0,-79,0,-77,-83,0,0,-80,-61,-78,-83,-84,-74,0,-84,-82,-80,0,0,-84,-80,-87,0,-79,-80,-80,-69,-80,0,-77,-81,0,-68,-82,-85,-73,-81,0,0
8,2,0,-72,0,-53,0,-78,0,0,-71,-66,-68,-53,-53,0,-70,-76,-65,0,-61,-77,-77,-72,-74,0,-78,0,0,-77,0,0,0,-78,0,-70,-72,-59,0,-75,0,0,0,-85,0,0,0,-68,0,-68,-54,0,-77,-66,-77,-72,-86,-61,-78,-83,-59,-68,0,0,0,-52,-72,0,-76,-63,0,-86,-74,-72,0,0,0,-68,-67,0,-61,-61,-60,-60,-72,0,-70,-78,0,-57,-68,0,-66,0,0,0
8,2,1,-72,0,-51,0,-74,0,0,-71,-63,-70,-50,-51,0,-70,-74,-63,0,-79,-77,-80,-72,-74,0,-73,0,0,-74,0,0,0,-80,0,-78,-72,-64,0,-86,0,0,0,-86,0,0,0,-71,0,-70,-51,0,-80,-64,-77,-72,-87,-78,-74,-82,-79,-71,0,0,0,-51,-72,0,-76,-63,0,-86,-80,-74,0,0,0,-71,-79,0,-80,-61,-60,-65,-72,0,-77,-80,0,-51,-71,0,-63,0,0,0
8,2,2,-72,0,-57,0,-78,-84,0,-75,-64,-75,-57,-58,0,0,-80,-64,0,-73,-74,-74,-81,-74,0,-79,0,0,-79,0,0,0,-74,0,-75,-72,-65,0,-82,0,0,0,-86,0,0,0,-75,0,-75,-56,0,-80,-64,-74,-81,-87,-73,-80,-82,-73,-75,0,0,-88,-58,-81,0,-76,-65,0,-86,-80,-74,0,0,0,-75,-71,0,-73,-71,-71,-72,-80,0,-75,-74,0,-56,-75,-84,-65,0,0,0
8,2,3,-72,0,-54,0,-71,-84,0,-75,-64,-66,-53,-55,0,0,-71,-65,0,-65,-68,-68,-79,-80,0,-70,0,0,-70,0,0,0,-68,0,-76,0,-65,0,-80,0,0,0,-83,0,0,0,-65,0,-66,-55,0,-80,-66,-68,-81,-83,-65,-70,-86,-65,-65,0,0,-88,-55,-81,0,-80,-65,0,-83,-80,-70,0,0,0,-65,-71,0,-64,-65,-65,-68,-80,0,-76,-68,0,-53,-66,-84,-64,0,0,0
9,2,0,-73,0,-54,0,-81,-68,0,0,-70,-70,-53,-47,0,0,-80,-69,0,-74,-67,-68,-72,-69,0,-81,-69,0,-81,0,0,0,-70,0,-76,-73,-65,-69,-69,0,0,0,-82,0,0,0,-71,0,-71,-53,0,-71,-69,-71,-73,-83,-74,-80,-81,-74,-71,0,0,0,-53,-72,0,-69,0,0,-81,-72,-80,0,0,0,-69,-71,0,-74,-74,-76,-61,0,0,-76,-69,0,-53,-69,0,-69,0,0,0
9,2,1,-73,0,-52,0,-80,-77,0,0,-73,-64,-51,-52,0,-70,-80,-71,0,-74,-72,-73,-72,-69,0,-80,-78,0,-81,0,0,0,-72,0,-76,-73,-72,-77,-69,0,0,0,-82,0,0,0,-65,0,-65,-51,0,-73,-72,-72,-73,0,-74,-80,-81,-74,-64,0,-80,-82,-51,-72,-81,-69,-72,0,-81,-70,-80,0,0,0,-65,-73,0,-74,-74,-84,-49,0,0,0,-72,0,-52,-65,0,-71,0,0,0
9,2,2,-73,0,-52,0,-76,-77,0,0,-73,-72,-52,-51,0,-70,-76,-71,0,-75,-76,-73,0,-77,0,-76,-77,0,-76,0,0,0,-76,0,-80,0,-72,-77,0,0,0,0,-88,0,0,0,-72,0,-73,-53,0,-76,-72,-76,0,0,-76,-76,-81,-76,-72,0,-80,-82,-53,0,-81,0,-72,-89,-81,-73,-76,0,0,0,-73,-78,0,-76,-76,-75,-62,0,0,0,-72,0,-52,-72,0,-71,0,0,0
9,2,3,-73,0,-51,0,-73,-73,0,0,-62,-64,-50,-50,0,-70,-73,-61,0,-64,-67,-67,0,-74,0,-74,-74,0,-73,0,0,0,-67,0,-80,0,-62,-73,0,0,0,0,-88,0,0,0,-64,0,-64,-50,0,-67,-65,-67,0,0,-65,-73,-81,-67,-72,0,-80,-82,-48,0,-81,-73,-62,-89,-81,-73,-73,0,0,0,-65,-82,0,-67,-66,-67,-47,0,0,0,-67,0,-51,-64,-85,-62,0,-78,0
10,2,0,-77,0,-52,0,-71,-75,0,0,-68,-69,-52,-51,0,0,-76,-69,0,-78,-61,-60,-70,-71,0,-71,-72,0,-71,0,0,0,-61,0,-75,-77,-68,-75,-74,0,0,0,0,0,0,0,-68,-75,-69,-51,0,-61,-67,-60,-78,0,-73,-71,-79,-77,-69,0,0,0,-52,-71,0,-74,-68,-86,0,-68,-71,0,0,0,-70,-78,0,-77,-74,-73,-59,-78,0,-76,-60,0,-51,-69,-87,-68,0,0,0
10,2,1,-77,0,-51,0,-70,-75,0,-75,-67,-69,-52,-51,0,0,-70,-66,0,-78,-60,-60,-78,-76,0,-71,-72,0,-70,0,0,0,-61,0,-75,-77,-66,-75,-76,0,0,0,0,0,0,0,-69,-75,-69,-50,0,-61,-66,-60,-78,0,-73,-69,-80,-74,-69,0,0,0,-52,-71,0,-76,-65,-86,0,-70,-71,0,0,0,-65,-76,0,-77,-74,-74,-57,-78,0,-75,-60,0,-51,-69,-87,-67,-75,0,0
10,2,2,-74,0,-53,0,-71,-75,0,-75,-65,-68,-52,-52,0,-75,-71,-64,0,-73,-58,-58,-78,-76,0,-71,-77,0,-71,0,0,0,-58,0,-75,-77,-65,-75,-77,0,0,0,0,0,0,0,-67,-75,-67,-52,0,-58,-64,-58,-78,0,-72,-71,-71,-73,-68,0,0,0,-51,-71,0,-71,-64,-86,-84,-70,-71,0,0,0,-67,-76,0,-73,-74,-74,-49,-78,0,-75,-58,0,-53,-68,-87,-64,-75,0,0
10,2,3,-74,0,-51,0,-57,-72,0,-72,-65,-71,-52,-52,0,-74,-57,-62,0,-73,-52,-56,-78,-76,0,-57,-72,0,-57,0,0,0,-52,0,-74,-77,-62,-73,-72,0,0,0,0,0,0,0,-71,0,-67,-51,0,-52,-62,-52,-78,0,-70,-57,-73,-71,-71,0,-74,0,-52,0,0,-71,-62,0,-84,-71,-57,0,0,0,-70,-78,0,-73,-70,-70,-45,0,0,-75,-52,0,-52,-69,0,-62,-74,0,0
11,2,0,-69,0,-51,0,-81,-78,0,-72,-59,-83,-73,-72,0,-71,-82,-59,0,-78,-70,-70,-69,-75,0,-81,-77,0,-82,0,0,0,-70,0,-74,0,-59,-78,-72,0,0,0,0,0,0,0,-71,0,0,-51,0,-70,-59,-70,-69,0,-78,-57,-77,-78,-71,0,-74,0,-72,-69,0,-76,-58,0,-84,-71,-80,0,0,0,-82,-78,0,-78,-79,-78,-58,-69,0,-72,-70,0,-71,-69,0,-59,-72,0,0
11,2,1,-79,0,-70,0,-73,-75,0,0,-71,-73,-71,-72,0,-71,-74,-69,0,-78,-61,-61,-69,-75,0,-73,-75,0,-74,0,0,0,-60,0,-75,0,-69,-74,-76,0,0,0,-87,0,0,0,-73,-75,-73,-71,0,-60,-69,-61,-79,0,-78,0,-77,-80,-72,0,0,0,-72,-69,0,-74,-69,0,-84,-72,-74,0,0,0,-72,0,0,-78,-79,-79,-72,-78,0,-72,-60,0,-71,-73,-86,-69,-75,0,0
11,2,2,-77,0,-71,0,-74,-76,0,-74,-67,-75,-70,-71,0,0,-74,-68,0,-76,-73,-72,-76,-75,0,-84,-76,0,-74,0,0,0,-73,0,-75,-77,-69,-77,-77,0,0,0,-87,0,0,0,-75,-75,-75,-70,0,-72,-68,-73,-79,-86,-77,-74,-81,-76,-75,0,0,0,-70,-77,0,-74,-69,-88,-84,-70,-74,0,0,-88,-74,-81,0,-77,-76,-77,-62,-77,0,-74,-72,0,-61,-75,-85,-69,-79,0,0
11,2,3,-77,0,-64,0,-76,-80,0,-74,-71,-74,-63,-64,0,0,-78,-70,0,-76,-65,-65,-76,-75,0,-78,-76,0,-74,0,0,0,-65,0,-75,-80,-70,-77,-77,0,0,0,0,0,0,0,-74,-75,-76,-63,0,-65,-71,-65,-76,-86,-77,-78,-81,-76,-70,0,0,0,-63,-76,0,-81,-70,-88,-84,-73,-76,0,0,-88,-74,-83,0,-80,-80,-78,-56,-77,0,-74,-65,0,-61,-75,-81,-70,-79,0,0
12,2,0,-73,0,-64,0,-78,-80,0,-74,-76,-81,-64,-64,0,0,-79,-75,0,-76,-65,-65,-76,-83,0,-77,-76,0,-78,0,0,0,-65,0,-83,-73,-75,-77,-83,0,0,0,-86,0,0,0,-80,-75,-81,-63,0,-65,-76,-65,-72,0,-77,-78,-81,-82,-70,0,0,0,-64,-73,0,-81,-76,-88,-84,-66,-79,0,0,-88,-74,-88,0,-80,-82,-84,-67,-73,0,-74,-65,0,-61,-81,-81,-75,-79,0,0
12,2,1,-73,0,-58,0,-79,0,0,-73,-80,-76,-59,-58,0,0,-79,-80,0,-83,-84,-82,0,-83,0,-79,-83,0,-78,0,0,0,-85,0,-71,-73,-75,0,-83,0,0,0,-89,0,0,0,-75,0,-75,-58,0,-83,-80,-83,-72,0,-83,-78,-83,-83,-75,0,0,0,-58,-73,0,0,-79,0,-84,-82,-79,0,0,-89,-76,-87,0,0,-83,-82,-69,-73,0,-71,-84,0,-58,-75,0,-80,0,0,0
12,2,2,-73,0,-65,0,-79,0,0,-73,-80,-73,-65,-58,0,0,-80,-66,0,-83,-73,-73,-78,-85,0,-79,-83,0,-80,0,0,0,-85,0,-71,-73,-66,0,-86,0,0,0,-89,0,0,0,-73,0,-70,-63,0,-74,-67,-73,-72,0,-83,-81,-83,-82,-73,0,0,0,-64,-73,0,-84,-66,0,-84,-77,-79,0,0,-89,-73,-85,0,0,-83,-82,-72,-73,0,-76,-74,0,-65,-73,0,-66,0,0,0
12,2,3,-77,0,-65,0,-78,-80,0,0,-77,-83,-63,-63,0,0,-79,-68,0,-84,-81,-80,-71,-85,0,-85,0,0,-84,0,0,0,-81,0,-71,-78,-78,-81,0,0,0,0,0,0,0,0,0,-86,-81,-63,0,-80,-78,-81,-76,0,0,-85,0,-82,-83,0,0,0,-64,-77,0,-81,-78,-90,-88,-73,-75,0,0,0,-83,0,0,-85,0,0,-70,-76,0,-85,-80,0,-63,-82,0,-78,-85,0,0
12,2,3,-72,0,-57,0,-85,0,0,0,-73,-78,-57,-57,0,-76,0,0,0,-84,0,0,-72,0,0,-86,0,0,-84,0,0,0,0,0,0,-73,-78,0,0,0,0,0,0,0,0,0,-77,-76,-78,-58,0,0,-73,0,-72,0,-83,-85,0,-84,-78,0,0,0,-59,0,0,0,-78,0,-88,-71,-86,0,0,0,-77,0,0,-83,-84,-84,-67,-73,0,0,0,0,-58,-77,0,-78,-85,0,0
13,2,0,-71,0,-62,0,-85,0,0,-82,-74,-78,-63,-63,0,-82,0,-73,0,-82,0,0,-71,0,0,-84,0,0,-84,0,0,0,0,0,-82,-71,-74,0,-86,0,0,0,-84,0,0,0,-77,-76,-79,-63,0,0,-73,-85,-71,0,-80,0,0,-80,-78,0,0,0,-62,-69,0,0,-73,0,-91,-65,-86,0,0,-85,-80,0,0,-83,-81,-76,-59,-71,0,-82,0,0,-63,-79,-79,-76,0,0,0
13,2,1,-77,0,-57,0,-83,0,0,-82,-72,-78,-57,-57,0,-79,-83,-72,0,-82,-80,-81,-71,0,0,-84,0,0,-81,0,0,0,-81,0,-82,-71,-70,0,-86,0,0,0,-89,0,0,0,-80,-76,-79,-57,0,-81,-72,-80,-71,0,-80,0,0,-80,-80,0,0,0,-57,-69,0,0,-70,-88,-91,-77,-84,0,0,-88,-80,0,0,-83,-81,-84,-59,-71,0,-82,-81,0,-56,-79,-84,-72,0,0,0
13,2,2,-77,0,-68,0,-83,0,0,0,-73,0,-66,-65,0,-83,-83,-76,0,-85,-74,-73,-76,0,0,-83,0,0,-81,0,0,0,-73,0,-80,-76,-77,0,0,0,0,0,-89,0,0,0,-80,0,-78,-59,0,-74,-74,-73,-76,-86,-83,-83,0,-80,-80,0,0,-87,-60,-76,-86,0,-76,-86,-87,-75,-84,0,0,-88,-81,0,0,-83,-85,-84,-66,-77,0,0,-74,0,-60,-78,-80,-74,0,0,0
13,2,3,-77,0,-61,0,-84,0,0,0,-79,-75,-61,-61,0,-82,0,-83,0,-80,-74,-73,-74,0,0,-84,0,0,-84,0,0,0,-78,0,-80,-73,-80,0,0,0,0,0,0,0,0,0,-75,0,-74,-61,0,-78,-79,-80,-73,-86,-83,-84,0,-80,-75,0,0,-87,-61,-73,-86,0,-82,-85,-87,-79,-84,0,0,0,-75,-87,0,-83,-85,0,-66,-73,0,0,-74,0,-61,-75,-80,-78,-83,0,0
14,2,0,-71,0,-61,0,-84,0,0,-77,-73,-79,-61,-69,0,-82,0,-83,0,-68,-74,-73,-70,0,0,-84,0,0,-84,0,0,0,-78,0,-79,-71,-73,0,0,0,0,0,0,0,0,0,-75,-77,-79,-61,0,-78,-73,-80,-73,0,-68,-84,0,-67,-75,0,0,-87,-67,-70,-86,0,-73,-85,-87,-67,-84,0,0,0,-75,-79,0,-68,-68,-67,-66,-71,0,-77,-74,0,-61,-79,-81,-72,-83,0,0
14,2,1,-76,0,-67,0,0,0,0,-77,-73,-75,-61,-69,0,0,0,-73,0,-68,0,-73,-77,0,0,0,0,0,-84,0,0,0,0,0,-79,-78,-72,0,0,0,0,0,0,0,0,0,-75,-77,-75,-69,0,0,-73,0,-77,0,-69,0,0,-68,-75,0,0,0,-67,-77,0,0,-72,0,-87,-60,0,0,0,-86,-75,-79,0,-68,-68,-69,-73,-77,0,-76,0,0,-61,-75,-84,-73,0,0,0
14,2,2,-80,0,-74,-86,0,0,0,-77,-67,-75,-72,-73,0,0,0,-66,0,-65,0,-73,-77,0,0,0,0,0,-84,0,0,0,-79,0,-79,-80,-65,0,0,0,0,0,0,0,0,0,-74,-77,-75,-74,0,-82,-67,-78,-80,0,-67,0,0,-66,-74,0,0,-89,-73,-77,0,0,-66,0,-87,-61,0,0,0,-86,-75,-79,0,-66,-66,-66,-67,-81,0,-76,0,0,-61,-74,-75,-67,0,0,0
14,2,3,-73,0,-67,-86,0,0,0,-79,-65,-80,-65,-66,0,-79,0,-65,0,-58,0,-81,-73,0,0,0,0,0,-84,0,0,0,-79,0,-79,-72,-65,0,0,0,0,0,0,0,0,0,-80,-81,-75,-62,0,-82,-64,-78,-72,0,-58,0,0,-59,-79,0,0,-87,-64,-73,0,0,-64,-85,-87,-67,0,0,0,0,-80,-81,0,-58,-58,-58,-75,-73,0,0,0,0,-65,-81,-82,-65,-79,0,0
15,2,1,-72,0,-69,0,0,0,0,-78,-68,-84,-64,-64,0,-78,0,-67,0,-73,-80,-80,-70,-85,0,0,0,0,-84,0,0,0,-81,0,-78,-69,-68,0,0,0,0,0,-87,0,0,0,-83,-78,-83,-64,0,-80,-67,-80,-72,0,-72,0,0,-72,-79,0,0,-85,-66,-70,0,0,-67,-74,-87,-58,0,0,0,-88,-80,-80,0,-72,-72,-72,-74,-70,0,-79,-79,0,-63,-81,-73,-67,-79,0,0
15,2,2,-75,0,-62,0,0,0,0,-76,-65,-79,-62,-62,0,0,0,-67,0,-75,0,-84,-75,-85,0,0,0,0,-84,0,0,0,-84,0,-78,-75,-67,0,0,0,0,0,0,0,0,0,0,-77,-79,-62,0,0,-67,-84,-75,0,-75,0,0,-75,0,0,0,-85,-62,-75,0,0,-66,-74,-84,-47,0,0,0,0,0,-79,0,-75,-76,-75,-70,-75,0,-77,0,0,-62,-80,-86,-67,0,0,0
15,2,3,-75,0,-69,0,0,0,0,-76,-75,-81,-67,-69,0,0,0,-75,0,-79,0,-84,-75,-85,0,0,0,0,-84,0,0,0,-84,0,-83,-77,-75,0,0,0,0,0,0,0,0,0,-80,-82,-79,-69,0,0,-75,-84,-75,0,-79,0,0,-80,0,0,0,-85,-69,-75,-85,0,-75,-74,-86,-52,0,0,0,0,-81,-79,0,-75,-80,-80,-74,-78,0,-77,0,0,-69,-81,-82,-75,-82,0,0
15,2,0,-75,0,-69,0,0,0,0,-76,-69,-81,-67,-69,0,0,0,-69,0,-73,0,-84,-75,-85,0,0,0,0,-84,0,0,0,-84,-84,-85,-77,-69,0,0,0,0,0,-87,0,0,0,-80,-82,-80,-69,0,0,-69,-84,-75,0,-73,0,0,-73,-81,0,0,-85,-72,-75,-85,0,-69,-84,-86,-59,0,0,0,-87,-80,-87,0,-74,-73,-73,-74,-78,0,-77,0,0,-69,-81,-77,-70,-82,0,0
16,2,1,-75,0,-72,0,0,0,0,-72,-70,0,-67,-74,0,0,0,-70,0,-75,0,-84,-75,-85,0,0,0,0,-84,0,0,0,0,0,-74,0,-69,0,0,0,0,0,-90,0,0,0,0,-78,-83,-69,0,0,-69,0,0,-90,-75,0,0,-76,0,0,0,0,-72,-80,0,0,-69,-84,-89,-65,0,0,0,-90,0,0,0,-74,-75,-75,-82,-76,0,-77,0,0,-69,-81,-82,-70,0,0,0
16,2,2,-80,0,-79,0,0,0,0,-73,-70,-85,-67,-78,0,-73,0,-69,0,-76,0,-84,-81,-85,0,0,0,0,-84,0,0,0,0,0,-73,0,-70,0,0,0,0,0,-89,0,0,0,-85,-78,-84,-78,0,0,-70,0,0,-90,-76,0,0,-76,-84,0,0,0,-72,-80,-89,0,-69,-84,-88,-59,0,0,0,-90,0,-82,0,-75,-76,-76,-80,-80,0,-77,0,0,-69,-84,-82,-70,0,0,0
16,2,3,-80,0,-75,0,0,0,0,-84,-73,-85,-74,-74,0,-73,0,-73,0,-77,0,-84,-81,-85,0,0,0,0,-84,0,0,0,0,0,-73,0,-70,0,0,0,0,0,-84,0,0,0,-85,-78,-83,-75,0,0,-73,0,0,-84,-76,0,0,-77,-84,0,0,0,-75,-80,-84,0,-74,-86,-88,-58,0,0,0,-83,-83,-81,0,-77,-77,-77,-77,-80,0,-77,0,0,-75,-84,-73,-74,0,0,0
16,2,0,-73,0,-74,0,0,0,0,-86,-70,-78,-74,-74,0,-73,0,-70,0,-75,0,-84,-72,-85,0,0,0,-84,-84,0,0,0,0,0,-73,-74,-70,0,0,0,-84,0,-84,0,0,0,-85,0,-79,-75,0,0,-70,0,-73,-88,-75,0,0,-75,-84,0,0,0,-75,-74,-84,0,-70,-83,-88,-61,0,0,0,-83,-83,-81,0,-75,-77,-77,-80,-73,0,-85,0,0,-75,-79,-73,-70,0,0,0
17,2,0,-68,0,-76,-70,0,0,0,-79,-75,0,-77,-76,0,-79,0,-76,0,-77,0,-84,-67,-85,-83,0,0,-71,-84,0,0,0,0,-71,-78,-68,-75,0,0,0,-70,0,-88,-86,0,-85,0,-81,-86,-77,0,0,-76,0,-67,-89,-75,0,0,-79,-82,-83,0,0,-76,-67,-85,0,-76,-88,-85,-69,0,-71,0,-85,-81,-78,0,-81,-74,-78,-82,-67,-70,-84,0,-84,-77,-83,-73,-76,-77,0,0
17,2,1,-82,0,-77,-70,0,0,0,0,-73,-80,-76,-76,0,-77,0,-69,0,-66,0,-84,-80,-85,-83,0,0,-82,-84,0,0,0,0,-83,-78,-79,-69,0,0,0,-70,0,-89,0,0,0,-81,-77,-86,-77,0,0,-69,0,-79,0,-70,0,0,-69,0,-83,0,0,-77,-81,-88,0,-69,-84,-85,-60,0,-84,0,-88,-84,-78,0,-67,-70,-69,0,-80,-70,0,0,0,-77,-83,-73,-68,-77,0,0
17,2,2,-85,0,-74,0,0,0,0,-81,-73,-80,-75,-74,0,-77,0,-73,0,-72,0,-84,-84,-85,0,0,0,-82,-84,0,0,0,0,-83,-81,-79,-73,0,0,0,-78,0,-83,0,0,0,-81,-77,0,-77,0,0,-74,0,-79,0,-73,0,0,-72,0,-83,0,0,-75,-84,-85,0,-74,-86,-85,-60,0,-84,0,-85,-84,-78,0,-72,-72,-73,-79,-80,-70,0,0,0,-74,-83,-66,-73,0,0,0
17,2,3,-75,0,-74,0,0,0,0,-81,-63,-84,-79,-74,0,-77,0,-63,0,-67,0,-84,-75,-85,0,0,0,-84,-84,0,0,0,0,-83,-81,-79,-63,0,0,0,-78,0,-83,-87,0,0,-81,-77,0,-79,0,0,-63,0,-75,0,-68,0,0,-68,0,-83,0,-86,-75,-75,-84,0,-63,-86,-85,-57,0,-84,0,-85,-84,-78,0,-72,-68,-68,-74,-80,-70,0,0,0,-74,-83,-69,-64,0,0,0
18,2,3,-61,0,-71,-69,0,0,0,-79,-70,0,-71,-71,0,-78,0,-69,0,-74,0,0,-59,0,-84,0,0,-68,0,0,0,0,0,-69,-78,-62,-70,0,0,0,-68,0,-84,-80,0,-82,0,0,0,-71,0,0,-69,0,-62,-86,-73,0,0,-74,0,-82,0,-86,-66,-60,0,0,-70,-79,-84,-66,0,-67,0,-85,0,-84,0,-74,-76,-74,-84,-61,-69,0,0,0,-71,-83,-71,-70,-78,0,0
18,2,0,-62,0,-71,-69,0,0,0,-81,-71,0,-71,-71,0,-78,0,-70,0,-73,0,0,-62,0,-81,0,0,-69,0,-81,0,0,0,-68,-78,-62,-71,0,0,0,-69,0,-84,-81,0,-81,0,-77,0,-71,0,0,-71,0,-62,-86,-74,0,0,-73,0,-81,0,-86,-66,-61,0,0,-70,-79,-87,-61,0,-69,0,-85,0,-82,0,-72,-73,-73,-84,-62,-68,-80,0,-81,-72,-83,-69,-71,-78,0,0
18,2,1,-73,0,-71,-76,0,0,0,-81,-71,0,-74,-73,0,-76,0,-70,0,-71,0,0,-74,0,-81,0,0,-77,0,-81,0,0,0,-76,-78,-73,-71,0,0,0,-76,0,-87,-81,0,-81,0,-76,0,-71,0,0,-71,0,-74,-86,-71,0,0,-71,0,-81,0,0,-75,-73,0,0,-70,0,-86,-59,0,-76,0,-85,0,-82,0,-70,-71,-71,-84,-73,-76,-80,0,-81,-72,-83,-66,-71,-77,0,0
18,2,2,-74,0,-71,-74,0,0,0,-83,-79,0,-78,-77,0,-84,0,-70,0,-68,0,0,-74,0,-81,0,0,-74,0,-81,0,0,0,-73,-78,-75,-79,0,0,0,-74,0,-87,-81,0,-81,0,-84,0,-71,0,0,-71,0,-74,-86,-68,0,0,-69,0,-81,0,0,-77,-74,0,0,-79,-85,-86,-59,0,-74,0,-86,0,-82,0,-67,-67,-68,0,-74,-74,-80,0,-81,-77,-83,-67,-71,-83,0,0
18,3,0,0,0,-72,-68,0,0,0,0,-65,0,-73,-73,0,0,0,-65,0,-69,0,0,0,-83,-81,0,0,-68,0,-79,0,0,0,-69,0,0,-65,0,-83,0,-68,0,-91,-80,0,-79,-83,0,-84,-80,0,0,-65,0,0,-88,-69,0,0,-68,0,-80,0,0,-80,0,0,-83,-65,0,-88,-54,0,-69,0,-90,0,0,0,-68,-68,-67,-77,0,-67,0,0,-79,-73,-82,-69,-65,0,0,0
18,3,1,0,0,-78,-69,0,0,0,0,-67,-83,-73,-73,0,0,0,-67,0,-70,0,0,0,-83,-81,0,0,-69,0,-79,0,0,0,-68,0,0,-67,0,-83,0,-68,0,-91,-80,0,-79,-83,0,-84,-79,0,0,-67,0,0,-88,-67,0,0,-69,0,-80,0,-86,-78,0,0,-83,-67,0,-87,-51,0,-68,0,-90,0,-89,0,-69,-69,-69,-82,0,-68,0,0,-79,-79,-82,-71,-67,0,0,0
18,3,2,0,0,-76,-65,0,0,0,0,-71,-83,-73,-73,0,0,0,-71,0,-75,0,0,0,-85,-81,0,0,-65,0,-79,0,0,0,-65,0,0,-67,0,-86,0,-65,0,0,-80,0,-79,-83,0,-84,-79,0,0,-71,0,0,-88,-76,0,0,-76,0,-80,0,-86,-78,0,0,-83,-67,0,-87,-57,0,-65,0,-88,0,-88,0,-75,-76,-76,-74,0,-65,0,0,-79,-79,-82,-70,-71,0,0,0
18,3,3,0,0,-83,-69,0,0,0,0,-64,0,-73,-73,0,0,0,-64,0,-61,0,0,0,-85,0,0,0,-69,0,0,0,0,0,-69,0,0,0,0,-87,0,-69,0,0,0,0,0,0,0,0,0,0,0,-64,0,0,0,-60,0,0,-61,0,-80,0,0,0,0,0,0,-64,0,-89,-52,0,-70,0,-88,0,-77,0,-61,-60,-61,-74,0,-69,0,0,0,-84,-82,-68,-64,0,0,0
18,4,0,0,0,-75,-69,0,0,0,0,-65,0,-84,-73,0,0,0,-66,0,-69,0,0,0,-85,-81,0,0,-69,0,-81,0,0,0,-68,0,0,-65,0,-87,0,-68,0,0,-83,0,0,-84,0,0,-78,0,0,-66,0,0,-91,-69,0,0,-69,-81,-80,0,0,-75,0,0,0,-65,0,-89,-67,0,-68,0,0,-84,-80,0,-68,-69,-69,-74,0,-68,0,0,-84,-77,-83,-73,-75,0,0,0
18,4,1,0,0,0,-70,0,0,0,0,-68,0,-76,-76,0,0,0,-69,0,-67,0,0,0,-85,0,0,0,-70,0,0,0,0,0,-69,0,0,-69,0,0,0,-70,0,0,-83,0,0,-85,0,0,0,0,0,-69,0,0,0,-67,0,0,-66,-81,-80,0,0,0,0,0,0,-68,0,-89,-63,0,-70,0,-91,-85,-74,0,-67,-68,-68,-87,0,-70,0,0,-87,-77,-83,-72,-67,0,0,0
18,4,2,0,0,-84,-74,0,0,0,0,-71,-81,-76,-84,0,0,0,-71,0,-71,0,0,0,-85,0,0,0,-74,0,0,0,0,0,-73,0,0,-71,0,0,0,-74,0,0,-83,0,-85,-85,0,0,0,0,0,-71,0,0,0,-71,0,0,-71,-82,-84,0,0,0,0,0,-87,-70,0,-89,-55,0,-74,0,-91,-85,-74,0,-72,-71,-72,-81,0,-73,0,0,-87,-84,-83,-84,-70,0,0,0
18,4,3,0,0,-84,-69,0,0,0,0,-69,-84,-78,-79,0,0,0,-69,0,-68,0,0,0,-85,-80,0,0,-69,0,-82,0,0,0,-69,0,0,-69,0,0,0,-69,0,0,-81,0,-82,-85,0,0,-79,0,0,-69,0,0,0,-67,0,0,-68,-84,-82,0,0,-79,0,0,-87,-69,0,-89,-52,0,-69,0,-91,-85,-74,0,-68,-67,-69,-81,0,-69,0,0,-80,-84,-83,-82,-69,0,0,0
18,5,0,-87,0,0,-69,0,0,0,0,-67,0,-80,-80,0,0,0,-67,0,-66,0,0,0,-85,0,0,0,-69,0,0,0,0,0,-70,0,-86,-67,0,0,0,-69,0,0,0,0,0,0,0,0,-78,0,0,-67,0,0,-91,-64,0,0,-66,0,-82,0,0,-80,0,0,-88,-67,0,-91,-63,0,-69,0,0,0,-78,0,-66,-66,-66,-80,-86,-69,0,0,0,-79,-83,-74,-67,0,0,0
18,5,1,-87,0,-76,-76,0,0,0,0,-66,0,-80,-77,0,0,0,-66,0,-70,0,0,0,-85,0,0,0,-76,0,0,0,0,0,-77,0,-86,-66,0,0,0,-76,0,0,0,0,0,0,0,0,-76,0,0,-65,0,0,-91,-71,0,0,-70,0,-82,0,0,-77,0,-89,0,-66,0,-91,-61,0,-76,0,-89,0,-73,0,-71,-69,-70,-85,-86,-76,0,0,0,-76,-83,-83,-67,0,0,0
18,5,2,-87,0,-84,-72,0,-76,0,0,-71,0,-79,-77,0,0,0,-70,0,-57,0,0,0,-76,0,0,-78,-72,0,0,0,0,0,-72,0,0,-70,0,0,0,-72,0,0,0,0,0,0,0,0,-80,0,0,-72,0,0,0,-59,0,0,-58,0,-82,0,0,-79,0,-89,-77,-68,0,-91,-62,0,-73,0,-89,0,-76,0,-57,-58,-58,-79,0,-72,0,0,0,-84,-83,-87,-70,0,0,0
18,5,3,-87,0,-84,-73,0,-76,0,0,-66,0,-79,-77,0,0,0,-66,0,-63,0,0,0,-76,0,0,-78,-73,0,0,0,0,0,-73,0,0,-66,0,0,0,-73,0,0,0,0,0,0,0,0,-83,0,0,-67,0,0,0,-62,0,0,-63,0,-82,0,0,-79,0,-89,-77,-66,0,-91,-66,0,-72,0,-89,0,-82,0,-62,-63,-62,-81,0,-73,0,0,0,-84,-83,-80,-66,0,0,0
18,6,0,-87,0,-80,-71,0,0,0,0,-70,0,0,-80,0,0,0,-70,0,-71,0,0,0,-85,0,0,0,-71,0,0,0,0,0,-71,0,0,-70,0,0,0,-72,0,0,0,0,0,0,0,0,-80,0,0,-69,0,0,0,-70,0,0,-71,0,-82,0,0,0,0,0,-86,-69,0,-92,-61,0,-71,0,0,0,-67,0,-71,-71,-71,-80,0,-71,0,0,0,-79,-83,-74,-69,0,0,0
18,6,1,-87,0,-80,-69,0,0,0,0,-68,0,0,-80,0,0,0,-68,0,-65,0,0,0,-85,0,0,0,-69,0,-84,0,0,0,-69,0,0,-68,0,0,0,-69,0,0,0,0,0,0,0,0,-84,0,0,-68,0,0,0,-65,0,0,-66,0,-82,0,0,-82,0,0,0,-68,0,-92,-63,0,-69,0,0,0,-67,0,-65,-65,-65,-86,0,-69,0,0,-84,-84,-83,-76,-69,0,0,0
18,6,2,-87,0,-83,-71,0,0,0,0,-72,0,0,-80,0,0,0,-72,0,-61,0,0,0,-83,0,0,0,-72,0,-84,0,0,0,-72,0,0,-72,0,0,0,-71,0,0,0,0,0,0,0,0,-86,0,0,-72,0,0,0,-61,0,0,-60,0,-82,0,0,-82,0,0,-84,-71,0,-92,-57,0,-71,0,0,0,-67,0,-61,-61,-61,-79,0,-73,0,0,-84,-84,-83,-86,-71,0,0,0
18,6,3,-87,0,-81,-75,0,0,0,0,-74,0,-80,-80,0,0,0,-74,0,-57,0,0,0,-83,0,0,0,-74,0,-84,0,0,0,-74,0,0,-73,0,0,0,-75,0,0,-84,0,-83,0,0,0,-86,0,0,-73,0,0,0,-57,0,0,-57,0,-84,0,0,-81,0,0,-84,-73,0,-92,-58,0,-75,0,0,0,-73,0,-57,-56,-57,-82,0,-75,0,0,-85,-81,-83,-81,-74,0,0,0
18,7,0,-87,0,-77,-79,0,0,0,0,-63,0,-80,-78,0,0,0,-63,0,-55,0,0,0,-83,0,0,0,-78,0,0,0,0,0,-78,0,0,-63,0,0,0,-78,0,0,-84,0,-83,0,0,0,-77,0,0,-63,0,0,0,-55,0,0,-55,0,-86,0,0,-81,0,0,-84,-63,0,-92,-61,0,-78,0,0,0,-76,0,-55,-55,-55,-77,0,-81,0,0,-85,-78,-83,-81,-63,0,0,0
18,7,1,-87,0,-77,-74,0,0,0,0,-66,0,0,-77,0,0,0,-67,0,-59,0,0,0,-83,0,0,0,-73,0,0,0,0,0,-78,0,0,-66,0,0,0,-74,0,0,0,0,0,0,0,0,-77,0,0,-66,0,0,0,-58,0,0,-58,0,-86,0,0,-77,0,0,0,-66,0,-92,-55,0,-74,0,0,0,-67,0,-58,-59,-57,-80,0,-77,0,0,0,-78,-83,-75,-67,0,0,0
18,7,2,-87,0,-83,-79,0,-86,0,0,-69,0,-83,-83,0,0,0,-76,0,-52,0,0,0,-83,0,0,0,-76,0,0,0,0,0,-77,0,0,-76,0,0,0,-77,0,0,0,0,0,0,0,-84,-77,0,0,-66,0,0,0,-52,0,0,-52,0,-86,0,0,-82,0,0,0,-76,0,-92,-56,0,-75,0,0,0,-75,0,-52,-52,-52,-77,0,-76,0,0,0,-82,-83,-85,-75,0,0,0
18,7,3,-87,0,-83,-77,0,-86,0,0,-73,0,-83,-86,0,0,0,-77,0,-53,0,0,0,-83,0,0,0,-78,0,0,0,0,0,-78,0,0,-74,0,0,0,-78,0,0,0,0,0,0,0,-84,0,0,0,-74,0,0,0,-53,0,0,-53,0,-86,0,0,-86,0,0,-87,-74,0,-92,-58,0,-78,0,0,0,-83,0,-53,-53,-54,-75,0,-78,0,0,0,-82,-83,-87,-73,0,0,0
18,8,0,-87,0,-78,-75,0,-74,0,0,-71,0,0,-80,0,0,0,-71,0,-52,0,0,0,-74,0,0,-74,-74,0,0,0,0,0,-75,0,0,-71,-75,-76,0,-75,0,0,-79,0,-80,0,0,0,-81,0,0,-71,0,0,0,-52,0,0,-51,0,-80,0,0,-81,0,0,-74,-70,0,-92,-64,0,-75,0,0,0,-63,0,-53,-53,-53,-75,0,-75,0,0,0,-78,0,-86,-71,0,0,0
18,8,1,-87,0,-85,-76,0,-71,0,0,-69,0,-86,-85,0,0,0,-69,0,-51,0,0,0,-71,0,0,-74,-75,0,0,0,0,0,-76,0,0,-69,-71,-71,0,-77,0,0,-79,0,-80,0,0,0,-81,0,0,-69,0,0,0,-50,0,0,-50,0,-80,0,0,-81,0,0,-72,-69,0,-92,-58,0,-76,0,0,0,-77,0,-51,-51,-51,-81,0,-76,0,0,0,-78,0,-79,-69,0,0,0
18,8,2,-87,0,-85,-75,0,-75,0,0,-69,0,-86,-85,0,0,0,-67,0,-48,0,0,0,-75,0,0,-75,-75,0,-79,0,0,0,-75,0,0,-67,-75,-75,0,-74,0,0,-79,0,-78,0,0,0,-81,0,0,-67,0,0,0,-49,0,0,-48,0,-80,0,0,-86,0,0,-75,-67,0,-92,-49,0,-75,0,0,0,-60,0,-48,-48,-49,-79,0,-74,0,0,-78,-78,0,-89,-67,0,0,0
18,8,3,-87,0,-85,-74,0,-75,0,0,-76,0,-80,-80,0,0,0,-76,0,-37,0,0,0,-75,-81,0,-75,-73,0,-82,0,0,0,-73,0,0,-76,-75,-75,0,-73,0,0,-80,0,-80,0,0,0,-81,0,0,-75,0,0,0,-37,0,0,-37,0,-81,0,0,-81,0,0,-83,-76,0,-92,-58,0,-73,0,0,0,-66,0,-37,-37,-37,-80,0,-73,0,0,-80,-80,0,-85,-76,0,0,0
18,9,0,-87,0,0,-79,0,-75,0,0,-76,0,-80,-80,0,0,0,-76,0,-36,0,0,0,-75,-81,0,-75,-78,0,-82,0,0,0,-77,0,0,-76,-75,-75,0,-79,0,0,-80,0,-80,0,0,-84,-81,0,0,-75,0,0,0,-36,0,0,-36,0,-81,0,0,-81,0,0,-83,-76,0,-92,-63,0,-77,0,0,0,-70,0,-37,-36,-36,-80,0,-77,0,0,-80,-83,0,-87,-76,0,0,0
18,9,1,-87,0,-80,-80,0,0,0,0,-79,0,-80,-81,0,0,0,-79,0,-37,0,0,0,-75,0,0,0,-80,0,0,0,0,0,-79,0,0,-79,0,0,0,-79,0,0,0,0,0,0,0,-84,0,0,0,-79,0,0,0,-37,0,0,-37,0,-81,0,0,-81,0,0,0,-78,0,-92,-69,0,-79,0,0,0,-73,0,-37,-37,-37,-77,0,-79,0,0,0,-80,0,-81,-79,0,0,0
18,9,2,-87,0,-80,-82,0,-80,0,0,-70,0,-81,-82,0,0,0,-68,0,-39,0,0,0,-75,0,0,-80,-78,0,-83,0,0,0,-83,0,0,-70,-80,0,0,-80,0,0,-83,0,-83,0,0,0,-85,0,0,-69,0,0,0,-39,0,0,-39,0,-84,0,0,-81,0,0,0,-71,0,-92,-63,0,-80,0,0,0,-63,0,-39,-39,-38,-87,0,-82,0,0,-83,-82,0,-83,-69,0,0,0
18,9,3,-87,0,-80,-82,0,-80,0,0,-70,0,-81,-79,0,0,0,-70,0,-41,0,0,0,-75,-84,0,-80,-78,0,-83,0,0,0,-83,0,0,-71,-80,0,0,-83,0,0,-83,0,-83,0,0,0,-85,0,0,-70,0,0,0,-40,0,0,-41,0,-82,0,0,-81,0,0,0,-71,0,-92,-64,0,-80,0,0,0,-71,0,-41,-41,-41,-87,0,-82,0,0,-83,-82,0,-85,-71,0,0,0
18,10,3,0,0,-85,-82,0,0,0,0,-74,0,-85,-84,0,0,0,-74,0,-32,0,0,0,-84,0,0,0,-81,0,0,0,0,0,-82,0,0,-74,0,-86,0,-79,0,0,0,0,-86,0,0,0,-82,0,0,-74,0,0,0,-33,0,0,-33,0,-85,-90,0,-84,0,0,0,-74,0,0,-68,0,-82,0,0,0,-69,0,-33,-33,-32,-80,0,-82,0,0,0,-84,0,-85,-74,0,0,0
18,10,0,0,0,-80,-78,0,0,0,0,-73,0,-79,-80,0,0,0,-73,0,-34,0,0,0,-84,0,0,0,-81,0,0,0,0,0,-78,0,0,-73,-85,-86,0,-79,0,0,0,0,-86,0,0,0,-82,0,0,-73,0,0,0,-34,0,0,-34,0,-85,-90,0,-84,0,0,0,-73,0,0,-69,0,-82,0,0,0,-67,0,-34,-34,-34,-79,0,-80,0,0,0,-80,0,-81,-73,0,0,0
18,10,1,0,0,-84,-79,0,0,0,0,-73,0,-84,-83,0,0,0,-76,0,-45,0,0,0,-84,0,0,0,0,0,0,0,0,0,-79,0,0,-76,-89,0,0,-79,0,0,0,0,-86,0,0,0,0,0,0,-73,0,0,0,-44,0,-87,-45,0,-85,-90,0,-84,0,0,0,-75,0,0,-68,0,0,0,0,0,-73,0,-45,-45,-45,-79,0,-80,0,0,0,-80,0,-85,-76,0,0,0
18,10,2,0,0,-85,-79,0,0,0,0,-71,0,-84,-83,0,0,-84,-71,0,-44,0,0,0,-84,0,-83,0,-83,0,0,0,0,0,-79,0,0,-71,-89,0,0,0,0,0,0,0,0,0,0,0,0,0,0,-71,0,0,0,-44,-83,-87,-45,0,-85,0,0,0,0,0,0,-71,0,0,-64,0,-83,0,0,0,-69,0,-45,-45,-45,-82,0,-84,0,0,0,-80,0,-84,-71,0,0,0
10,1,0,-72,0,-51,0,-74,-76,0,-69,-65,-81,-51,-51,0,-68,-73,-65,0,-82,-69,-69,0,-72,0,-74,0,0,-74,0,0,0,-69,0,-69,0,-65,-77,-86,0,0,0,0,0,0,0,0,-69,0,-51,0,-69,-65,0,0,0,-81,-73,-76,-82,-79,-85,-81,-86,-52,0,0,-76,-64,0,0,-72,-73,0,0,0,-80,-84,-87,-84,-82,-81,-58,0,-84,-65,-69,0,-51,-76,0,-64,-70,-83,0
10,1,1,-72,0,-60,0,-74,-78,0,-67,-70,-72,-60,-61,0,-66,-73,-70,0,-82,-69,-73,0,-72,0,-84,0,0,-84,0,0,0,-74,0,-65,0,-71,-78,-86,0,0,0,0,0,0,0,0,-64,-72,-59,0,-74,-71,0,0,0,-81,-83,-81,-82,-72,-85,-81,-87,-60,0,0,-79,-71,0,0,-72,-84,0,0,0,-80,-84,-87,-84,-82,-81,-50,0,-84,-64,-74,0,-60,-76,0,-71,-65,-83,0
10,1,2,-72,0,-54,0,-74,-82,0,-67,-66,-76,-54,-54,0,-66,-75,-67,0,-77,-76,-73,0,-72,0,-84,0,0,-76,0,0,0,-76,0,-67,0,-67,-78,-86,0,0,0,0,0,0,0,-76,-67,-72,-54,0,-76,-68,-76,0,-88,-81,-75,-81,-78,-75,-85,-81,-87,-55,0,0,-82,-67,0,0,-79,-84,0,0,0,-75,-80,-87,-78,-82,-81,-53,0,-84,-64,-74,0,-54,-77,-87,-67,-68,0,0
10,1,3,-72,0,-49,0,-69,-70,0,-70,-72,-76,-48,-49,0,-66,-75,-71,0,-77,-62,-62,0,-70,0,-70,-72,0,-68,0,0,0,-62,0,-71,0,-73,-70,-70,0,0,0,0,0,0,0,-74,-71,-72,-49,0,-63,-68,-63,0,-88,-72,-75,-74,-78,-72,-85,-72,-87,-49,0,0,-68,-70,0,0,-79,-71,0,0,0,-74,-80,-87,-72,-73,0,-39,0,-84,-72,-63,0,-49,-77,-86,-72,-71,0,0
9,1,0,-72,0,-51,0,-69,-76,0,-70,-65,-68,-51,-49,0,-78,-81,-66,0,-81,-77,-62,0,-76,0,-76,-75,0,-80,0,0,0,-78,0,-78,0,-65,-75,-70,0,0,0,0,0,0,0,-68,-71,-69,-51,0,-77,-65,-77,0,-88,-72,-80,-80,-80,-68,-85,-80,0,-51,0,0,-78,-66,0,0,-74,-71,0,0,0,-68,-84,-87,-81,-73,0,-54,0,-84,-72,-63,0,-49,-69,-86,-66,-71,-81,0
9,1,1,-72,0,-53,0,-82,-76,0,-86,-65,-63,-52,-52,0,-78,-81,-65,0,-81,-77,-62,0,-81,0,-76,-81,0,-80,0,0,0,-73,0,-78,0,-65,-75,0,0,0,0,-80,0,0,0,-63,0,-63,-52,0,-72,-65,-73,0,0,0,-80,-80,-80,-63,-85,-83,0,-52,0,0,-81,-66,0,0,-77,-82,0,0,0,-63,-84,-87,-81,-77,0,-53,0,-84,0,0,0,-52,-63,-84,-66,-71,-81,0
9,1,2,-72,0,-53,0,-79,-82,0,-79,-67,-61,-60,-61,0,-78,-79,-66,0,-79,-81,-82,0,-81,0,-79,-81,0,-75,0,0,0,-81,0,-78,0,-66,-75,0,0,0,0,-80,0,0,0,-63,0,-62,-61,0,-82,-66,-82,0,0,-78,-79,-83,-80,-62,-85,-87,0,-61,0,0,-81,-66,0,0,-81,-82,0,0,0,-63,-84,-87,-80,-77,-78,-55,0,-84,-79,-82,0,-52,-62,-86,-67,-71,-81,0
9,1,3,-72,0,-53,0,-73,-82,0,-72,-60,-63,-53,-53,0,-73,-73,-59,0,-77,-72,-72,0,-81,0,-74,-78,0,-73,0,0,0,-81,0,-78,0,-60,-78,0,0,0,0,-77,0,0,0,-65,0,-65,-53,0,-82,-60,-72,0,-76,-77,-79,-79,-80,-62,-85,-80,0,-54,0,-76,-81,-60,0,0,-69,-73,0,0,-76,-64,-79,-87,-80,-77,-77,-51,0,-84,-72,-78,0,-53,-64,-86,-60,0,-79,0
9,3,0,-72,0,-56,0,-63,-78,0,0,-52,-69,-56,-53,0,-79,-75,-51,0,-64,-59,-59,0,-76,0,-74,0,0,-74,0,0,0,-78,0,-78,0,-51,-77,-77,0,0,0,0,0,0,0,-68,0,-68,-57,0,-76,-50,-77,0,-86,-64,-74,-79,-64,-68,-85,-86,-84,-57,0,0,-77,-51,0,0,-61,-74,0,0,0,-68,-65,-87,-64,-63,-63,-64,0,-84,-81,-59,0,-57,-68,0,-53,-79,-82,0
9,3,1,-72,0,-52,0,-75,0,0,0,-52,-64,-52,-53,0,-79,-75,-51,0,-69,-74,-74,0,-76,0,-75,0,0,-75,0,0,0,-74,0,-78,0,-51,0,-79,0,0,0,-85,0,0,0,-64,0,-63,-53,0,-74,-50,-73,0,0,-69,-75,-77,-69,-64,-85,-72,0,-53,0,0,-80,-51,0,-84,-69,-75,0,0,0,-65,-73,-87,-68,-69,-68,-48,0,-84,0,-74,0,-53,-64,0,-53,-79,0,0
9,3,2,-72,0,-61,0,-69,0,0,0,-52,-66,-58,-61,0,-79,-69,-57,0,-64,-61,-60,0,-77,0,-70,0,0,-69,0,0,0,-61,0,-78,0,-57,0,-79,0,0,0,-87,0,0,0,-65,0,-66,-61,0,-61,-57,-60,0,0,-63,-67,-82,-63,-66,-85,-76,0,-61,0,0,-80,-55,0,-89,-69,-70,0,0,0,-65,-72,-87,-63,-63,-63,-47,0,-84,0,-61,0,-60,-67,0,-57,-79,0,0
9,3,3,-72,0,-45,0,-70,-66,0,-77,-64,-64,-45,-45,0,0,-67,-64,0,-70,-49,-49,0,-65,0,-68,-64,0,-65,0,0,0,-49,0,-76,0,-65,-66,-64,0,0,0,-87,0,0,0,-64,-71,-64,-45,0,-49,-64,-49,0,0,-69,-69,-73,-71,-63,-85,-74,0,-45,0,0,-65,-64,0,-89,-72,-58,0,0,0,-64,-72,-87,-72,-72,-71,-42,0,-84,-78,-47,0,-52,-63,0,-64,0,-81,0
10,3,0,-72,0,-48,0,-75,-69,0,-77,-64,-69,-49,-49,0,0,-75,-59,0,-79,-56,-57,0,-68,0,-72,-69,0,-74,0,0,0,-57,0,-77,0,-59,-68,-68,0,0,0,0,0,0,0,-69,-71,-70,-49,0,-57,-64,-57,0,0,-79,-73,-75,-78,-69,-85,-74,0,-49,0,0,-68,-59,0,-89,-69,-75,0,0,0,-69,-80,-87,-78,-79,-80,-56,0,-84,-78,-57,0,-49,-69,0,-64,0,-81,0
10,3,1,-72,0,-45,0,-73,-70,0,0,0,-65,-46,-46,0,-75,-74,-67,0,-74,-59,-59,0,-71,0,-72,-71,0,-73,0,0,0,-60,0,-77,0,-66,-70,-71,0,0,0,0,0,0,0,-68,0,-66,-46,0,-59,-65,-59,0,0,-79,-71,-75,-74,-66,-85,-86,0,-46,0,0,-71,-67,0,-89,-71,-74,0,0,0,-67,-82,-87,-78,-79,-80,-47,0,-84,0,-59,0,-46,-66,0,-66,0,0,0
10,3,2,-72,0,-60,0,-66,-70,0,0,-64,-70,-59,-60,0,-85,-67,-64,0,-74,-64,-63,0,-71,0,-65,-71,0,-67,0,0,0,-65,0,-77,0,-67,-70,-71,0,0,0,-88,0,0,0,-71,0,-70,-57,0,-65,-64,-65,0,0,-74,-65,-71,-74,-70,-85,-86,0,-61,0,0,-71,-64,0,-89,-69,-66,0,0,0,-71,-82,-87,-74,-74,0,-56,0,-84,0,-65,0,-60,-70,0,-65,0,0,0
10,3,3,-72,0,-65,0,-69,-66,0,-81,-55,-50,-64,-64,0,-85,-67,-55,0,-74,-55,-56,0,-66,0,-67,-66,0,-63,0,0,-88,-56,0,-81,0,-56,-66,-66,0,0,0,-88,0,0,0,-50,0,-51,-50,0,-56,-56,-56,0,0,-63,-68,-62,-63,-50,-85,-80,0,-64,0,0,-65,-57,0,-89,-59,-69,0,0,0,-51,-76,-87,-63,-63,-74,-49,0,-84,-81,-56,0,-51,-51,-86,-56,0,-81,0
9,4,3,0,0,-62,0,-77,-73,0,0,-58,-51,-61,-62,0,-84,-74,-56,0,-63,-59,-59,0,-73,0,-76,-73,0,-76,0,0,0,-59,0,0,0,-58,-72,-72,0,0,0,-81,0,0,0,-51,0,-50,-62,0,-59,-57,-58,0,-85,-63,-77,-69,-63,-50,0,-74,0,-62,0,0,-73,-54,0,0,-57,-77,0,0,-84,-51,-69,0,-63,-63,-63,-57,0,0,0,-58,0,-62,-50,0,-57,0,-84,0
9,4,0,0,0,-60,0,-74,-74,0,0,-57,-51,-60,-59,0,-84,-74,-57,0,-61,-57,-58,0,-74,0,-74,-73,0,-74,0,0,0,-57,-83,0,0,-55,-72,-74,0,0,0,-81,0,0,0,-49,0,-51,-61,0,-57,-57,-58,0,0,-61,-77,-74,-61,-51,0,-74,0,-59,0,0,-73,-56,0,0,-65,-74,0,0,-80,-50,-64,0,-62,-62,-61,-59,0,0,0,-58,0,-60,-49,0,-57,0,-84,0
9,4,1,0,0,-52,0,-74,-74,0,-84,-62,-60,-53,-53,0,-82,-71,-60,0,-69,-62,-62,0,-77,0,-74,-75,0,-72,0,0,0,-61,-83,-84,0,-60,-75,-75,0,0,0,-84,0,0,0,-60,0,-59,-53,0,-63,-61,-61,0,-83,-69,-71,-69,-69,-60,0,-87,0,-53,0,0,-75,-61,0,0,-59,-74,0,0,-80,-59,-64,0,-69,-68,-61,-59,0,0,0,-61,0,-53,-59,0,-61,0,0,0
9,4,2,0,0,-52,0,-73,-68,0,-84,-63,-56,-53,-53,0,-82,-71,-62,0,-63,-60,-60,0,-77,0,-73,-75,0,-72,0,0,0,-59,-83,-84,0,-62,-67,-67,0,-84,0,-84,0,0,0,-57,0,-56,-53,0,-60,-62,-61,0,-83,-66,-73,-66,-69,-53,0,-79,0,-66,0,0,-68,-62,0,0,-58,-73,-83,0,-80,-56,-69,0,-66,-65,-61,-57,0,0,0,-60,0,-53,-56,0,-62,0,0,0
10,4,0,0,0,-58,0,-79,-64,0,0,-55,-48,-48,-47,0,0,-79,-55,0,-58,-62,-63,0,-64,0,-65,-65,0,-79,0,0,0,-62,0,-80,0,-54,-64,-64,0,-84,0,-87,0,0,0,-48,0,-48,-59,0,-63,-56,-62,0,0,-58,-78,-82,-58,-48,0,-79,0,-48,0,0,-65,-55,0,0,-60,-78,-83,0,-86,-47,-69,0,-58,-59,-59,-49,0,0,0,-62,0,-48,-48,0,-55,0,-86,0
10,4,1,0,0,-55,0,-71,-64,0,-83,-55,-59,-55,-54,0,-86,-71,-61,0,-58,-57,-57,0,-75,0,-71,-75,0,-71,0,0,0,-57,0,-85,0,-62,-75,-75,0,0,0,0,0,0,0,-58,0,-58,-54,0,-57,-56,-57,0,0,-58,-71,-70,-58,-58,0,0,0,-54,0,0,-65,-61,0,0,-63,-70,0,0,0,-58,0,0,-58,-76,-77,-49,0,0,0,-56,0,-55,-58,0,-62,0,0,0
10,4,2,0,0,-55,0,-68,-69,0,-83,-61,-53,-61,-63,0,-86,-68,-59,0,0,-62,-63,0,-68,0,-68,-65,0,-68,0,0,0,-62,0,-85,0,-60,-75,-75,0,0,0,0,0,0,0,-53,0,-53,-54,0,-63,-61,-63,0,0,0,-71,-76,-58,-51,0,0,0,-62,0,0,-69,-58,0,0,-61,-68,0,0,0,-53,-68,0,0,-73,-74,-55,0,0,0,-62,0,-62,-53,0,-60,0,0,0
10,4,3,0,0,-58,0,-64,-65,0,-83,-60,-50,-58,-59,0,-86,-62,-56,0,-73,-63,-63,0,-66,0,-62,-65,0,-64,0,0,0,-63,0,-85,0,-57,-65,-65,0,0,0,0,0,0,0,-50,0,-50,-57,0,-63,-57,-63,0,0,-68,-70,-79,-68,-51,0,-72,0,-58,0,0,-65,-56,0,0,-59,-64,0,0,0,-50,-71,0,0,-68,-68,-42,0,0,0,-64,0,-58,-51,0,-54,-83,-83,0
8,5,0,0,0,-64,-83,-71,-64,0,0,-54,-52,-65,-64,0,0,-71,-54,0,-70,-54,-55,0,-63,0,-71,-62,0,-71,0,0,0,-54,-84,-86,0,-54,-63,-63,0,0,0,0,0,0,0,-55,0,-55,-64,0,-53,-55,-55,0,0,-69,0,-73,-70,-55,0,-72,0,-58,0,0,-63,-55,0,0,-63,-71,-84,0,0,-53,-60,0,0,-71,-69,-51,0,0,0,-54,0,-64,-56,0,-54,0,-80,0
8,5,1,0,0,-59,-83,-65,-63,0,0,-54,-63,-57,-58,0,0,-67,-70,0,-75,-57,-56,0,-63,0,-67,-63,0,-67,0,0,0,-56,-84,-85,0,-70,-63,-63,0,0,0,0,0,0,0,-63,0,-63,-64,0,-55,-70,-56,0,0,0,-67,-73,-74,-63,0,-80,0,-58,0,0,-63,-70,0,0,-65,-71,0,0,0,-63,-60,0,-75,-71,0,-47,0,0,-86,-55,0,-57,-62,0,-70,0,0,0
8,5,2,0,0,-70,-85,-71,-63,0,0,-57,-58,-57,-69,0,0,-70,-57,0,-64,-62,-63,0,-64,0,-67,-63,0,-71,0,0,0,-63,-84,-85,0,-57,-64,-64,0,0,0,0,0,0,0,-58,0,-58,-69,0,-63,-57,-63,0,0,0,-67,-80,-65,-58,0,-80,0,-70,0,0,-64,-57,0,0,-67,-71,0,0,0,-58,-69,0,-75,-65,-65,-54,0,0,-86,-63,0,-70,-58,0,-57,0,-82,0
8,5,3,0,0,-70,-85,-68,-63,0,0,-59,-64,-70,-70,0,0,-68,-59,0,-64,-48,-49,0,-64,0,-69,-63,0,-68,0,0,0,-49,0,-85,0,-58,-64,-64,0,0,0,0,0,0,0,-64,0,-64,-69,0,-49,-58,-49,0,0,-72,-68,-70,-71,-64,0,-73,0,-70,0,0,-66,-59,0,0,-61,-68,0,0,0,-64,-69,0,-72,-72,-72,-43,0,0,-86,-49,0,-70,-64,0,-59,0,-82,0
9,5,0,0,0,-62,0,-78,-67,0,0,-51,-53,-62,-62,0,-88,-77,-51,0,-66,-65,-66,0,-67,0,-77,-73,0,-78,0,0,0,-65,-86,-77,0,-51,-67,-67,0,0,0,-83,0,0,0,-52,-82,-54,-62,0,-65,-51,-67,0,-85,-63,-77,-67,-65,-52,0,-84,0,-62,0,0,-67,-51,0,0,-56,-78,0,0,-84,-51,-57,0,-66,-66,-66,-48,0,-84,0,-67,0,-62,-52,0,-51,0,0,0
9,5,1,0,0,-60,0,-80,-69,0,0,-65,-58,-61,-61,0,-89,-80,-67,0,-75,-59,-60,0,-69,0,-79,-68,0,-79,0,0,0,-59,0,-89,0,-67,-69,-72,0,0,0,-81,0,0,0,-58,-82,-57,-61,0,-59,-65,-60,0,0,-63,0,-80,-76,-58,0,0,0,-61,0,-81,-69,-67,0,0,-68,-80,0,0,-81,-57,-57,0,-66,-75,-75,-48,0,-84,0,-60,0,-61,-59,0,-65,0,0,0
9,5,2,0,0,-63,0,-73,-62,0,0,-60,-54,-63,-62,0,-88,-80,-59,0,-68,-61,-61,0,-63,0,-74,-63,0,-73,0,0,0,-62,0,-89,0,-60,-64,-63,0,0,0,-87,0,0,0,-55,-82,-55,-63,0,-60,-60,-61,0,0,-66,-73,-80,-69,-55,0,0,0,-60,0,-81,-61,-59,0,0,-66,-73,0,0,-87,-54,-57,0,-60,-75,-67,-53,0,-84,0,-61,0,-63,-55,0,-59,0,-79,0
9,5,3,0,0,-54,0,-74,-71,0,0,-53,-53,-54,-52,0,-88,-74,-54,0,-53,-64,-64,0,-71,0,-73,-71,0,-74,0,0,0,-64,0,-89,0,-53,-70,-69,0,0,0,0,0,0,0,-53,-88,-53,-59,0,-64,-53,-64,0,-93,-55,-74,-69,-55,-54,0,-79,0,-60,0,0,-70,-53,0,0,-55,-74,0,0,-77,-53,-70,0,-55,-55,-55,-47,0,-84,0,-64,0,-54,-54,0,-53,0,-88,0
10,5,0,0,0,0,-81,-80,-71,0,0,-55,-55,-58,-58,0,0,-79,-55,0,-56,-65,-65,0,-70,0,-79,-71,0,-80,0,0,0,-65,0,-88,0,-55,-71,-71,0,-81,0,0,0,0,0,-55,-88,-55,-56,0,-65,-55,-65,0,-93,-56,-80,-73,-56,-55,0,-85,-87,-59,0,0,-70,-56,0,-87,-55,-79,0,0,0,-54,-70,0,-56,-56,-55,-51,0,-84,0,-65,0,-59,-55,0,-55,0,-88,0
10,5,1,0,0,-57,-81,-73,-68,0,0,-61,-53,-57,-57,0,0,-72,-55,0,-69,-62,-62,0,-68,0,-73,-67,0,-72,0,0,0,-62,0,-88,0,-61,-65,-67,0,-81,0,0,0,0,0,-54,0,-53,-57,0,-63,-62,-62,0,-89,-65,-73,-70,-56,-53,0,-85,-87,-57,0,0,-68,-61,0,-87,-64,-73,0,0,0,-53,-70,0,-69,-68,-68,-46,0,-84,-80,-62,0,-57,-53,-85,-62,0,0,0
10,5,2,0,0,-67,-81,-72,-68,0,0,-54,-52,-66,-67,0,0,-72,-54,0,-71,-70,-71,0,-69,0,-73,-69,0,-72,0,0,0,-70,0,-88,0,-55,-68,-69,0,-81,0,0,0,0,0,-52,0,-52,-66,0,-70,-55,-70,0,-89,-65,-73,-70,-71,-52,0,-85,-87,-66,0,0,-68,-55,0,-87,-61,-72,0,0,0,-52,-70,0,-69,-68,-68,-51,0,-84,-80,-70,0,-65,-52,-85,-55,0,0,0
10,5,3,0,0,-55,0,-64,-74,0,0,-49,-52,-55,-55,0,-83,-65,-53,0,-57,-68,-68,0,-74,0,-64,-75,0,-64,0,0,0,-68,0,-88,0,-50,-74,-74,0,0,0,-86,0,0,0,-52,0,-53,-55,0,-68,-49,-68,0,-89,-58,-65,-72,-57,-53,0,0,0,-55,0,0,-74,-51,0,-87,-61,-64,0,0,0,-53,-72,0,-58,-57,-58,-51,0,-84,-80,-68,0,-55,-53,-85,-49,0,0,0
11,5,0,0,0,-55,-84,-71,-74,0,-86,-58,-59,-55,-65,0,-83,-71,-59,0,-60,-71,-71,0,-66,0,-72,-68,0,-71,0,0,0,-70,0,-88,0,-59,-68,-68,0,0,0,-86,0,0,0,-58,0,-59,-55,0,-71,-59,-71,0,0,-60,-65,-71,-60,-59,0,-88,0,-55,0,0,-67,-59,0,-87,-50,-71,0,0,0,-59,-62,0,-60,-60,-59,-50,0,-84,0,-70,0,-55,-59,0,-58,0,0,0
11,5,1,0,0,-63,-84,-73,-73,0,-86,-54,-59,-63,-65,0,0,-74,-58,0,-69,-69,-70,0,-72,0,-73,-73,0,-73,0,0,0,-69,0,-88,0,-55,-72,-73,0,0,0,0,0,0,0,-59,0,-59,-63,0,-69,-55,-70,0,0,-67,-73,-73,-69,-59,0,-88,0,-65,0,0,-72,-56,0,-87,-61,-73,0,0,0,-58,-62,0,-69,-69,-67,-56,0,-84,0,-69,0,-63,-58,0,-55,0,-80,0
11,5,2,0,0,-60,-84,-71,-73,0,-86,-51,-53,-63,-65,0,0,-71,-51,0,-69,-70,-70,0,-69,0,-71,-65,0,-71,0,0,0,-69,0,-88,0,-52,-69,-69,0,-85,0,0,0,0,0,-53,0,-53,-63,0,-69,-52,-69,0,0,-67,-73,-69,-69,-53,0,-79,0,-63,0,0,-69,-52,0,-87,-59,-71,0,0,-88,-54,-68,0,-69,-69,-69,-47,0,-84,0,-69,0,-63,-54,0,-51,0,-83,0
11,5,3,0,0,-57,0,-63,-73,0,0,-57,-55,-57,-54,0,-86,-64,-56,0,-71,-65,-64,0,-67,0,-71,-65,0,-63,0,0,0,-65,0,-88,0,-57,-69,-67,0,-85,0,0,0,0,0,-55,0,-55,-56,0,-65,-56,-62,0,0,-67,-62,-67,-73,-55,0,-71,0,-56,0,0,-69,-57,0,-87,-63,-63,0,0,-87,-55,-68,0,-69,-69,-72,-41,0,-84,0,-65,0,-54,-55,0,-57,0,-83,0
12,5,0,0,0,-70,0,-70,-78,0,0,-54,-61,-69,-69,0,0,-70,-54,0,-61,-70,-68,0,-71,0,-68,-70,0,-70,0,0,0,-69,0,-88,0,-53,-71,-71,0,0,0,0,0,0,0,-61,0,-61,-71,0,-68,-53,-69,0,0,-60,0,-71,-61,-62,0,-71,0,-69,0,0,-71,-54,0,-87,-55,-70,0,0,0,-61,-82,0,-61,-60,-61,-55,0,-84,-88,-69,0,-70,-61,0,-53,0,-82,0
12,5,1,0,0,-63,0,-77,-69,0,0,-49,-53,-63,-63,0,0,-76,-49,0,-73,-71,-71,0,-68,0,-77,-69,0,-77,0,0,0,-71,0,-88,0,-49,-68,-69,0,0,0,0,0,0,0,-54,0,-53,-63,0,-71,-49,-71,0,0,-73,-77,-71,-73,-53,0,-71,0,-63,0,0,-69,-49,0,-87,-60,-77,0,0,0,-54,-82,0,-74,-73,-73,-47,0,-84,-89,-71,0,-70,-53,0,-50,0,0,0
12,5,2,0,0,-57,-81,-83,-64,0,0,-47,-57,-58,-58,0,0,-84,-47,0,-69,-71,-70,0,-66,0,-84,-66,0,-83,0,0,0,-72,-80,-88,0,-47,-66,-73,0,0,0,0,0,0,0,-57,0,-57,-59,0,-72,-47,-71,0,0,-70,-82,-71,-73,-57,0,-71,0,-59,0,0,-65,-47,0,-87,-56,-83,0,0,0,-57,-82,0,-70,-70,-70,-53,0,-84,-89,-70,0,-58,-56,0,-47,0,0,0
12,5,3,0,0,-66,-81,-80,-65,0,0,-53,-61,-66,-58,0,0,-80,-53,0,-62,-70,-73,0,-65,0,-79,-65,0,-79,0,0,0,-73,-80,-88,0,-53,-65,-65,0,0,0,0,0,0,0,-61,0,-60,-66,0,-73,-53,-72,0,0,-61,-80,-78,-61,-60,0,0,0,-65,0,0,-65,-53,0,-87,-54,-79,0,0,0,-61,-79,0,-62,-61,-61,-39,0,-84,-89,-72,0,-66,-61,0,-53,0,0,0
13,5,0,0,0,-66,-81,-77,-67,0,0,-62,-60,-66,-58,0,-89,-76,-61,0,-66,-69,-69,0,-67,0,-75,-67,0,-77,0,0,0,-69,-80,-88,0,-61,-67,-67,0,0,0,0,0,0,0,-59,0,-59,-72,0,-69,-61,-69,0,0,-66,-76,-76,-66,-59,0,-83,0,-65,0,0,-67,-61,0,-87,-61,-76,0,0,0,-59,-79,0,-67,-64,-67,-47,0,-84,0,-69,0,-66,-59,0,-61,0,-86,0
13,5,1,0,0,-70,0,-74,-74,0,0,-54,-63,-69,0,0,-89,-74,-54,0,-67,-69,-69,0,-74,0,-74,-74,0,-74,0,0,0,-69,0,-88,0,-54,-74,-74,0,0,0,0,0,0,0,-63,0,-63,-70,0,-68,-54,-69,0,0,-66,-73,-76,-66,-62,0,-83,0,0,0,0,-74,-55,0,-87,-55,-74,0,0,0,-62,0,0,-66,-65,-66,-51,0,-84,-88,-69,0,-66,-63,0,-61,0,-86,0
13,5,2,0,0,-70,0,-74,-64,0,0,-59,-66,-69,0,0,-89,-74,-58,0,-69,-66,-65,0,-65,0,-69,-65,0,-69,0,0,0,-66,0,-88,0,-59,-65,-65,0,0,0,0,0,0,0,-65,0,-66,-70,0,-66,-59,-67,0,0,-69,-73,-73,-66,-66,0,-83,0,0,0,0,-65,-58,0,-87,-61,-74,0,0,0,-65,0,0,-69,-69,-69,-57,0,-84,-88,-66,0,-66,-65,0,-62,0,-86,0
13,5,3,0,0,-70,0,-74,-70,0,0,-57,-63,-70,-70,0,0,-74,-58,0,-60,-73,-73,0,-68,0,-75,-70,0,-74,0,0,0,-73,0,-88,0,-57,-70,-70,0,0,0,0,0,0,0,-63,0,-63,-71,0,-73,-57,-73,0,0,-59,-74,-85,-60,-63,0,-79,0,-70,0,0,-71,-57,0,-87,-46,-74,0,0,0,-63,-84,0,-60,-60,-60,-50,0,-84,-88,-73,0,-66,-63,0,-55,0,-79,0
7,6,0,0,0,0,-84,-73,-66,0,0,-54,-63,-66,-61,0,0,-73,-51,0,-75,-70,-69,0,-69,0,-73,-71,0,-73,0,0,0,-70,-85,-88,0,-53,-67,-71,0,0,0,0,0,0,0,-63,0,-62,-61,0,-71,-61,-71,0,0,0,-74,-80,-69,-63,0,-77,0,-64,0,0,-70,-53,0,-87,-63,-73,0,0,0,-63,-66,0,-69,-69,-69,-51,0,-84,0,-71,0,-66,-62,0,-53,0,-77,0
7,6,1,0,0,-67,-84,-73,-66,0,0,-61,-73,-66,-61,0,0,-68,-51,0,-77,-66,-66,0,-68,0,-67,-68,0,-69,0,0,0,-66,-85,-88,0,-53,-68,-69,0,0,0,0,0,0,0,-73,0,-73,-67,0,-67,-61,-66,0,0,0,-69,-76,-78,-73,0,0,0,-64,0,0,-69,-53,0,-87,-67,-73,0,0,0,-73,-66,0,-76,-69,-69,-45,0,-84,0,-66,0,-66,-73,0,-61,0,-75,0
7,6,2,0,0,-62,-84,-75,-63,0,0,-66,-64,-62,-62,0,0,-75,-65,0,-74,-64,-67,0,-64,0,-74,-64,0,-74,0,0,0,-66,-81,-88,0,-66,-63,-64,0,0,0,0,0,0,0,-65,0,-65,-61,0,-67,-66,-67,0,0,-74,-71,-85,-74,-65,0,0,0,-63,0,0,-63,-66,0,-87,-71,-75,-80,0,0,-65,-69,0,-74,-74,-74,-44,0,-84,-88,-67,0,-61,-65,0,-65,0,-77,0
7,6,3,0,0,-60,-85,-70,-68,0,0,-63,-66,-61,-60,0,0,-71,-63,0,-74,-55,-55,0,-69,0,-70,-68,0,-72,0,0,0,-55,-81,-88,0,-61,-67,-68,0,0,0,-90,0,0,0,-65,0,-66,-60,0,-55,-63,-54,0,0,-72,-71,-69,-74,-63,0,-78,0,-60,0,0,-67,-64,0,-87,-71,-70,-80,0,0,-66,-75,0,-72,-73,-73,-45,0,-84,-88,-55,0,-61,-66,0,-64,0,-79,0
8,6,0,0,0,-69,-85,-72,-65,0,0,-56,-63,-61,-60,0,0,-72,-57,0,-65,-60,-60,0,-63,0,-72,-64,-82,-72,0,0,0,-60,-81,-88,0,-57,-65,-68,0,0,0,-90,0,0,0,-63,0,-64,-60,0,-59,-56,-59,0,0,-65,-72,-69,-65,-63,0,-78,-85,-60,0,0,-63,-56,0,-87,-61,-70,-80,0,0,-62,-69,0,-65,-65,-62,-54,0,-84,-82,-59,0,-61,-63,0,-56,0,-79,0
8,6,1,0,0,-60,0,-67,-74,0,0,-62,-57,-61,-60,0,0,-67,-62,0,-77,-61,-61,0,-74,0,-66,-74,-82,-67,0,0,0,-63,0,-88,0,-62,-74,-75,0,0,0,0,0,0,0,-57,0,-58,-59,0,-62,-62,-61,0,0,-65,-66,-69,-75,-57,0,-77,-85,-59,0,0,-74,-62,0,-87,-71,-66,0,0,0,-57,-80,0,-76,-65,-62,-41,0,-84,-83,-61,0,-58,-57,0,-62,0,-82,0
8,6,2,0,0,-69,0,-79,-63,0,0,-58,-57,-69,-60,0,0,-79,-58,0,-69,-60,-60,0,-62,0,-80,-64,-82,-80,0,0,0,-59,0,-88,0,-59,-63,-64,0,0,0,0,0,0,0,-56,0,-56,-69,0,-60,-59,-59,0,0,-70,-80,-79,-69,-57,0,-79,-85,-69,0,0,-64,-59,0,-87,-69,-80,0,0,0,-56,-77,0,-69,-69,-69,-42,0,-84,-83,-60,0,-70,-56,0,-58,0,-82,0
8,6,3,0,0,-61,0,-63,-68,0,0,-64,-61,-61,-61,0,-79,-62,-58,0,-69,-62,-62,0,-69,0,-63,-69,0,-63,0,0,0,-62,0,-88,0,-64,-67,-67,0,0,0,0,0,0,0,-61,0,-61,-63,0,-61,-63,-62,0,0,-72,-63,-66,-69,-61,0,-79,0,-60,0,0,-67,-63,0,-87,-69,-63,0,0,0,-62,-77,0,-69,-73,-72,-39,0,-82,-83,-62,0,-61,-61,0,-64,0,-82,0
9,6,0,0,0,-61,0,-79,-72,0,0,-57,-57,-60,-61,0,-79,-79,-57,0,-64,-67,-67,0,-71,0,-79,-69,0,-79,0,0,0,-67,0,-88,0,-57,-72,-72,0,0,0,0,0,0,0,-57,0,-56,-61,0,-67,-58,-67,0,0,-65,-79,-75,-64,-56,0,-87,0,-60,0,0,-72,-58,0,-87,-68,-63,0,0,0,-57,-63,0,-64,-64,-64,-54,0,-82,0,-67,0,-61,-57,0,-58,0,-82,0
9,6,1,0,0,-57,0,-72,-62,0,0,-64,-56,-56,-57,0,0,-79,-63,0,-80,-55,-55,0,-63,0,-70,-63,0,-79,0,0,0,-55,0,-88,0,-63,-63,-63,0,0,0,0,0,0,0,-58,-81,-55,-57,0,-55,-65,-55,0,0,-80,-70,-76,-81,-55,0,-76,0,-58,0,0,-63,-63,0,-87,-64,0,0,0,0,-53,-77,0,-80,-80,-80,-39,0,-82,0,-55,0,-57,-56,-88,-64,-81,0,0
9,6,2,0,0,-68,0,-70,-64,0,0,-56,-56,-68,-57,0,0,-71,-56,0,-71,-67,-68,0,-65,0,-70,-63,0,-71,0,0,0,-67,-81,-88,0,-57,-65,-64,0,0,0,0,0,0,0,-57,-81,-58,-57,0,-67,-56,-67,0,0,-71,-71,-76,-71,-57,0,-76,0,-68,0,0,-65,-56,0,-87,-63,-70,0,0,0,-56,-77,0,-71,-71,-71,-48,0,-82,0,-66,0,-57,-59,-88,-57,-81,-80,0
9,6,3,0,0,-54,0,-70,-67,0,0,-55,-54,-53,-54,0,0,-71,-55,0,-71,-64,-64,0,-68,0,-71,-68,0,-72,0,0,0,-64,-81,-88,0,-55,-68,-68,0,0,0,0,0,0,0,-55,-81,-58,-55,0,-64,-55,-64,0,0,-71,-71,-76,-71,-54,0,-73,0,-54,0,0,-68,-54,0,-78,-74,-70,-84,0,0,-55,-77,0,-71,-71,-71,-36,0,-82,-79,-64,0,-52,-55,-89,-55,-81,-78,0
10,6,0,0,0,-54,-82,-71,-76,0,0,-54,-64,-53,-54,0,0,-73,-54,0,-58,-65,-65,0,-77,0,-70,-68,0,-70,0,0,0,-65,-83,-88,0,-53,-68,-76,0,0,0,-88,0,0,0,-63,-81,-64,-65,0,-65,-53,-64,0,0,-58,-71,-76,-58,-65,0,-73,0,-65,0,0,-76,-53,0,-78,-57,-71,-84,0,0,-63,-71,0,-59,-58,-57,-52,0,-82,-79,-64,0,-52,-63,-89,-54,0,-78,0
10,6,1,0,0,-55,-82,-69,-62,0,0,-55,-51,-55,-55,0,0,-69,-55,0,-58,-63,-63,0,-63,0,-70,-61,0,-70,0,0,0,-64,-83,-85,0,-55,-64,-63,0,0,0,-88,0,0,0,-51,0,-51,-54,0,-63,-55,-63,0,0,-71,-71,-79,-71,-51,0,-73,0,-55,0,0,-63,-55,0,-78,-67,-68,0,0,0,-51,-81,0,-59,-71,-71,-53,0,-82,0,-63,0,-54,-51,-85,-55,0,0,0
10,6,2,0,0,-55,-82,-76,-59,0,0,-62,-57,-67,-67,0,0,-76,-63,0,-69,-66,-66,0,-59,0,-76,-59,0,-76,0,0,0,-66,-78,-85,0,-63,-59,-59,0,0,0,-88,0,0,0,-57,0,-57,-54,0,-67,-63,-67,0,0,-69,-77,-79,-69,-57,0,-84,0,-67,0,0,-60,-63,0,-78,-58,-68,-80,0,0,-57,-81,0,-68,-68,-68,-53,0,-80,-85,-67,0,-54,-57,-88,-63,-85,-81,0
10,6,3,0,0,-55,-85,-68,-66,0,0,-59,-59,-56,-54,0,0,-70,-63,0,-66,-67,-67,0,-67,0,-70,-66,0,-66,0,0,0,-68,-78,-85,0,-59,-67,-59,0,0,0,0,0,0,0,-58,0,-59,-57,0,-67,-59,-68,0,0,-67,-70,-75,-69,-59,0,-84,0,-57,0,0,-64,-59,0,-78,-65,-68,-80,0,0,-59,-81,0,-68,-68,-68,-39,0,-80,-85,-67,0,-54,-59,-88,-58,-85,-81,0
11,6,0,0,0,-61,-85,-71,-65,0,0,-53,-61,-56,-54,0,0,-71,-53,0,-59,-69,-70,0,-65,0,-70,-66,0,-71,0,0,0,-70,-78,-85,0,-53,-65,-64,0,0,0,0,0,0,0,-61,0,-62,-61,0,-69,-53,-69,0,0,-60,-71,-75,-60,-61,0,-84,0,-63,0,0,-64,-53,0,-78,-57,-71,-80,0,0,-61,-71,0,-59,-60,-58,-51,0,-80,-85,-69,0,-54,-61,-88,-53,-77,-81,0
11,6,1,0,0,-59,0,-70,-67,0,0,-55,-51,-59,-58,0,0,-71,-55,0,-71,-73,-74,0,-67,0,-70,-67,0,-71,0,0,0,-73,0,-85,0,-55,-67,-67,0,0,0,0,0,0,0,-51,0,-51,-59,0,-74,-60,-71,0,0,-71,-70,0,-70,-51,0,0,0,-59,0,0,-67,-55,0,-78,-60,-71,0,0,0,-51,-71,0,-71,-71,-71,-43,0,-80,0,-74,0,-54,-51,0,-53,-77,0,0
11,6,2,0,0,-65,0,-74,-63,0,0,-55,-55,-65,-66,0,0,-75,-54,0,-67,-66,-66,0,-62,0,-74,-62,0,-75,0,0,0,-67,0,-85,0,-54,-63,-62,0,0,0,0,0,0,0,-55,0,-55,-65,0,-65,-54,-66,0,0,-67,-75,-73,-67,-55,0,-86,0,-65,0,0,-61,-55,0,-90,-57,-75,0,0,0,-55,-81,0,-67,-67,-67,-51,0,-84,0,-66,0,-65,-55,0,-55,-77,0,0
11,6,3,0,0,-52,0,-77,-71,0,0,-63,-65,-53,-52,0,-83,-77,-63,0,-65,-66,-66,0,-70,0,-77,-72,0,-77,0,0,0,-66,-82,-85,0,-62,-72,-72,0,0,0,0,0,0,0,-64,0,-65,-51,0,-66,-63,-66,0,0,-66,-77,-84,-67,-65,0,-79,0,-53,0,0,-71,-62,0,-90,-62,-77,0,0,0,-65,-77,0,-67,-66,-67,-39,0,-83,0,-65,0,-53,-65,0,-62,0,-82,0
12,6,0,0,0,-52,0,-80,-69,0,0,-50,-60,-53,-59,0,0,-80,-51,0,-64,-68,-68,0,-69,0,-80,-69,-85,-80,0,0,0,-67,0,-85,0,-51,-69,-69,0,0,0,0,0,0,0,-59,0,-59,-51,0,-68,-50,-67,0,0,-65,-81,-74,-65,-59,0,-77,0,-60,0,0,-69,-50,0,-90,-53,-81,0,0,0,-58,0,0,-65,-67,-65,-49,0,-83,0,-66,0,-53,-59,0,-50,0,-84,0
12,6,1,0,0,-60,0,-83,-69,0,0,-49,-60,-60,-59,0,0,-83,-48,0,-62,-62,-69,0,-69,0,-83,-69,-85,-83,0,0,0,-68,0,-85,0,-48,-69,-68,0,0,0,0,0,0,0,-59,-87,-59,-60,0,-69,-49,-68,0,0,-63,-82,-81,-62,-59,0,-78,0,-60,0,0,-69,-49,0,-90,-52,-82,-85,0,0,-59,0,0,-63,-63,-61,-47,0,-86,0,-69,0,-53,-59,0,-50,0,-82,0
12,6,2,0,0,-66,0,-73,-62,0,0,-57,-60,-67,-66,0,0,-74,-57,0,-58,-68,-70,0,-69,0,-73,-62,-85,-74,0,0,0,-67,0,-85,0,-57,-60,-61,0,0,0,0,0,0,0,-60,-82,-60,-66,0,-66,-57,-68,0,0,-59,-73,-81,-58,-60,0,-77,0,-66,0,0,-61,-57,0,-90,-49,-74,-85,0,0,-60,-77,0,-59,-59,-56,-50,0,-86,0,-67,0,-66,-60,0,-57,0,-82,0
12,6,3,0,0,-66,-87,-75,-64,0,0,-53,-61,-67,-67,0,0,-76,-52,0,-64,-73,-73,0,-64,0,-75,-64,-85,-75,0,0,0,-71,0,-85,0,-53,-64,-71,0,0,0,0,0,0,0,-61,-82,-61,-66,0,-73,-55,-71,0,0,-63,-76,-83,-63,-60,0,-76,0,-67,0,0,-64,-53,0,-90,-53,-76,-85,0,0,-60,-77,0,-64,-64,-63,-46,0,-86,-84,-73,0,-67,-61,0,-53,0,-82,0
13,6,0,0,0,-66,-87,-75,-68,0,0,-53,-63,-67,-67,0,0,-75,-52,0,-62,-71,-70,0,-68,0,-75,-64,-85,-75,0,0,0,-70,0,-85,0,-54,-68,-68,0,0,0,0,0,0,0,-62,-82,-62,-69,0,-69,-53,-70,0,0,-63,-75,-83,-62,-62,0,-79,0,-67,0,0,-67,-53,0,-90,-45,-76,0,0,0,-62,-77,0,-62,-63,-63,-48,0,-86,-84,-69,0,-67,-62,0,-52,0,-84,0
13,6,1,0,0,-61,0,-73,-64,0,0,-54,-64,-61,-61,0,0,-72,-54,0,-64,-74,-75,0,-64,0,-73,-64,0,-74,0,0,0,-74,0,-85,0,-53,-68,-64,0,0,0,0,0,0,0,-62,0,-63,-61,0,-74,-54,-74,0,0,-65,-73,-81,-64,-62,0,-79,0,-61,0,0,-65,-53,0,-90,-59,-73,0,0,0,-63,-77,0,-64,-65,-65,-47,0,-86,0,-74,0,-61,-61,0,-54,0,-84,0
13,6,2,0,0,-61,0,-78,-64,0,0,-50,-66,-61,-61,0,0,-78,-50,0,-62,-61,-61,0,-64,0,-73,-65,0,-78,0,0,0,-60,0,-85,0,-49,-65,-66,0,0,0,0,0,0,0,-66,0,-67,-61,0,-60,-51,-61,0,0,-62,-73,-75,-62,-66,0,-79,0,-61,0,0,-64,-50,0,-90,-48,-78,0,0,0,-66,-80,0,-60,-61,-65,-55,0,-86,0,-61,0,-61,-67,0,-51,0,-82,0
13,6,3,0,0,-58,0,-74,-66,0,0,-63,-65,-58,-58,0,0,-74,-64,0,-61,-67,-66,0,-67,0,-74,-65,0,-75,0,0,0,-67,0,-85,0,-63,-65,-66,0,0,0,0,0,0,0,-65,0,-65,-58,0,-66,-64,-66,0,0,-58,-74,-75,-59,-65,0,0,0,-58,0,0,-65,-64,0,-90,-41,-74,0,0,0,-65,-74,0,-59,-58,-59,-51,0,-86,0,-67,0,-56,-65,0,-62,0,-84,0
7,7,0,0,0,-71,-78,-74,-64,0,0,-54,-60,-71,-70,0,0,-73,-65,0,-62,-55,-52,0,-63,0,-73,-63,0,-73,0,0,0,-55,0,-85,0,-66,-63,-63,0,0,0,0,0,0,0,-61,0,-60,-57,0,-55,-54,-55,0,0,-61,-65,-73,-61,-60,0,-71,0,-71,0,0,-63,-65,0,-90,-66,-73,0,0,0,-59,0,0,-61,-62,-61,-51,0,-86,0,-55,0,-70,-60,0,-54,0,0,0
7,7,1,0,0,-57,-78,-71,-67,0,0,-63,-67,-55,-57,0,0,-70,-60,0,-62,-55,-55,0,-65,0,-70,-67,0,-71,0,0,0,-55,-83,-85,0,-60,-67,-67,0,0,0,0,0,0,0,-67,0,-67,-57,0,-55,-61,-55,0,0,-61,-71,-73,-71,-69,0,-77,0,-57,0,0,-66,-60,0,-90,-67,-71,-83,0,0,-68,-76,0,-61,-62,-61,-48,0,-83,0,-55,0,-58,-68,0,-60,0,0,0
7,7,2,0,0,-64,-78,-71,-53,0,0,-56,-59,-55,-65,0,0,-73,-56,0,-72,-64,-64,0,-53,0,-72,-53,0,-73,0,0,0,-64,-83,-85,0,-55,-54,-53,0,0,0,0,0,0,0,-57,0,-58,-64,0,-64,-56,-64,0,0,-72,-73,-75,-72,-58,0,-77,0,-64,0,0,-53,-55,0,-90,-64,-73,-83,0,0,-58,-72,0,-73,-72,-61,-49,0,-83,0,-64,0,-64,-56,0,-56,0,0,0
7,7,3,0,0,-64,0,-63,-59,0,0,-56,-63,-64,-64,0,0,-62,-57,0,-71,-47,-47,0,-59,0,-64,-59,0,-63,0,0,0,-48,-83,-85,0,-56,-59,-59,0,0,0,0,0,0,0,-57,0,-63,-64,0,-47,-57,-48,0,0,-71,-64,-75,-72,-58,0,-86,0,-64,0,0,-59,-56,0,-90,-63,-62,-83,0,0,-58,-75,0,-72,-71,0,-51,0,-83,0,-48,0,-64,-62,0,-56,0,0,0
8,7,0,0,0,-61,0,-71,-63,0,0,-58,-60,-55,-60,0,0,-73,-57,0,-69,-61,-61,0,-64,0,-79,-63,-84,-73,0,0,0,-61,0,-85,0,-56,-64,-64,0,0,0,0,0,0,0,-61,0,-61,-55,0,-61,-57,-61,0,0,-69,-73,-58,-69,-61,0,-76,0,-65,0,0,-63,-56,0,-87,-64,-73,-84,0,0,-61,-76,0,-69,-68,-67,-46,0,-83,0,-62,0,-57,-60,0,-56,0,-77,0
8,7,1,0,0,-57,0,-67,-63,0,0,-60,-61,-57,-56,0,0,-67,-62,0,-70,-59,-59,0,-63,0,-67,-63,-84,-67,0,0,0,-59,0,-85,0,-62,-63,-63,0,0,0,-86,0,0,0,-59,0,-61,-58,0,-59,-57,-59,0,0,-69,-66,-77,-70,-61,0,-75,0,-57,0,0,-63,-56,0,-87,-69,-67,-84,0,0,-61,-76,0,-69,-71,-67,-42,0,-85,0,-59,0,-57,-61,0,-56,0,-71,0
8,7,2,0,0,-67,0,-76,-60,0,0,-55,-60,-68,-67,0,0,-76,-56,0,-71,-68,-68,0,-59,0,-76,-59,-84,-76,0,0,0,-68,0,-85,0,-55,-59,-59,0,0,0,-86,0,0,0,-60,0,-60,-67,0,-69,-55,-68,0,0,-71,-76,-78,-72,-60,0,-75,0,-67,0,0,-59,-55,0,-87,-63,-76,-84,0,0,-60,-76,0,-71,-69,-69,-47,0,-85,0,-67,0,-67,-60,0,-55,0,-71,0
8,7,3,0,0,-63,-85,-65,-61,0,0,-58,-55,-63,-63,0,0,-65,-58,0,-71,-64,-64,0,-61,0,-66,-61,0,-65,0,0,0,-64,0,-85,0,-57,-61,-61,0,0,0,-86,0,0,0,-55,0,-55,-62,0,-64,-58,-64,0,0,-71,-65,-80,-74,-55,0,-74,0,-61,0,0,-61,-57,0,-87,-59,-66,0,0,0,-55,-78,0,-74,-74,-74,-45,0,-85,0,-65,0,-62,-55,0,-57,0,-84,0
9,7,0,0,0,-63,-85,-75,-63,0,0,-54,-64,-63,-63,0,0,-75,-54,0,-60,-65,-65,0,-61,0,-75,-61,0,-75,0,0,0,-65,0,-85,0,-53,-63,-61,0,0,0,0,0,0,0,-64,0,-64,-63,0,-65,-54,-65,0,0,-59,-75,-81,-59,-64,0,-74,0,-63,0,0,-61,-54,0,-87,-58,-73,0,0,0,-65,-71,0,-60,-60,-61,-51,0,-85,0,-65,0,-62,-63,0,-54,0,-84,0
9,7,1,0,0,-61,0,-65,-58,0,0,-57,-51,-63,-61,0,0,-65,-57,0,-72,-71,-71,0,-60,0,-64,-60,0,-64,0,0,0,-72,0,-85,0,-56,-59,-59,0,0,0,0,0,0,0,-51,0,-51,-61,0,-68,-57,-72,0,0,-59,-64,-81,-72,-51,0,-81,0,-61,0,-90,-60,-57,0,-87,-64,-64,0,0,0,-51,-71,0,-73,-73,-73,-46,0,-85,0,-71,0,-61,-51,0,-57,0,0,0
9,7,2,0,0,-61,0,-65,-68,0,0,-55,-54,-68,-61,0,0,-74,-54,0,-69,-61,-61,0,-68,0,-64,-67,0,-73,0,0,0,-61,0,-85,0,-54,-67,-69,0,0,0,-85,0,0,0,-53,0,-53,-70,0,-61,-54,-61,0,0,-59,-73,-74,-72,-59,0,-81,0,-61,0,-90,-68,-54,0,-86,-66,-64,0,0,0,-53,-71,0,-71,-70,-73,-46,0,-85,0,-60,0,-61,-53,0,-55,0,0,0
9,7,3,0,0,-61,0,-62,-69,0,0,-58,-57,-63,-61,0,-79,-61,-58,0,-70,-63,-63,0,-68,0,-62,-67,0,-62,0,0,-89,-63,0,-85,0,-57,-68,-69,0,0,0,-85,0,0,0,-57,0,-57,-64,0,-63,-58,-63,0,0,0,-61,-74,-70,-57,0,-80,0,-61,0,0,-68,-58,0,-86,-63,-62,0,0,0,-57,-71,0,-71,-69,0,-43,0,-85,0,-63,0,-64,-58,0,-58,0,0,0
10,7,0,0,0,-57,-81,-71,-69,0,-80,-57,-51,-58,-54,0,-79,-71,-58,0,-62,-64,-64,0,-70,0,-72,-65,0,-71,0,0,-89,-64,0,-85,0,-57,-69,-60,0,-80,0,0,0,0,0,-51,-82,-51,-57,0,-64,-57,-65,0,0,-63,-71,-74,-62,-51,0,-84,0,-57,0,0,-60,-56,0,-89,-57,-71,0,0,0,-51,-74,0,-62,-62,-62,-38,0,-85,0,-64,0,-57,-51,0,-57,0,0,0
10,7,1,0,0,-58,-81,-71,-61,0,-80,-55,-59,-55,-57,0,0,-71,-55,0,-62,-61,-61,0,-61,0,-71,-61,0,-72,0,0,0,-58,0,-85,0,-55,-61,-62,0,-80,0,0,0,0,0,-59,-82,-59,-59,0,-61,-55,-61,0,0,-68,-71,0,-67,-59,0,-84,0,-53,0,0,-62,-55,0,-89,-64,-71,0,0,0,-58,-81,0,-62,-69,-68,-43,0,-85,0,-61,0,-57,-59,-83,-55,0,0,0
10,7,2,0,0,-61,-81,-76,-64,0,-80,-57,-53,-55,-61,0,0,-76,-57,0,-62,-66,-66,0,-64,0,-76,-64,0,-76,0,0,0,-66,0,-85,0,-57,-64,-63,0,-80,0,0,0,0,0,-53,-82,-53,-59,0,-65,-57,-66,0,0,-63,-71,-78,-62,-53,0,-85,0,-53,0,0,-62,-57,0,-89,-61,-76,0,0,0,-53,-81,0,-62,-62,-62,-42,0,-85,0,-65,0,-57,-53,-83,-57,0,-85,0
10,7,3,0,0,-63,0,-73,-69,0,0,-64,-53,-63,-63,0,0,-73,-65,0,0,-70,-70,0,-69,0,-73,-68,0,-73,0,0,0,-70,0,-85,0,-65,-68,-68,0,0,0,0,0,0,0,-53,0,-53,-63,0,-70,-64,-70,0,0,-71,-74,-78,-62,-53,0,-82,0,-63,0,0,-69,-64,0,-89,-65,-73,0,0,0,-53,-81,0,-71,-62,-71,-43,0,-85,0,-70,0,-63,-53,-83,-63,0,-85,0
11,7,0,0,0,-63,0,-77,-69,0,0,-56,-55,-63,-63,0,0,-78,-56,0,-63,-64,-64,0,-68,0,-78,-69,0,-73,0,0,0,-63,0,-85,0,-56,-69,-68,0,0,0,0,0,0,0,-55,0,-55,-63,0,-64,-56,-64,0,0,-63,-78,-74,-63,-55,0,-88,0,-62,0,0,-69,-56,0,-89,-51,-73,0,0,0,-54,-81,0,-63,-62,-63,-52,0,-85,0,-64,0,-63,-55,0,-56,0,-85,0
11,7,1,0,0,-53,0,-77,-66,0,0,-58,-62,-54,-54,0,0,-70,-58,0,-70,-70,-69,0,-66,0,-68,-67,0,-70,0,0,0,-71,0,-85,0,-56,-67,-67,0,0,0,0,0,0,0,-61,0,-62,-53,0,-70,-58,-70,0,0,-71,-69,-74,-70,-62,0,-88,0,-52,0,0,-69,-58,0,-89,-53,0,0,0,0,-61,-75,0,-70,-62,-63,-47,0,-85,0,-69,0,-53,-62,0,-57,0,0,0
11,7,2,0,0,-67,0,-72,-65,0,0,-58,-55,-54,-67,0,0,-72,-58,0,-72,-70,-63,0,-66,0,-72,-65,0,-72,0,0,0,-63,0,-85,0,-58,-66,-66,0,0,0,0,0,0,0,-54,0,-55,-67,0,-63,-60,-63,0,0,-73,-72,-74,-73,-55,0,-84,0,-67,0,0,-66,-58,0,-89,-56,-72,-84,0,0,-55,-72,0,-73,-73,-73,-47,0,-84,0,-63,0,-67,-55,0,-61,0,0,0
11,7,3,0,0,-56,0,-75,-66,0,0,-59,-55,-56,-56,0,0,-76,-59,0,-61,-70,-86,0,-66,0,-75,-67,0,-76,0,0,0,-63,0,-85,0,-59,-66,-67,0,0,0,0,0,0,0,-56,0,-57,-56,0,-86,-59,-63,0,0,-63,-75,0,-63,-57,0,-84,0,-56,0,0,-66,-59,0,-89,-61,-75,-84,0,0,-55,-72,0,-63,-62,-63,-57,0,-84,0,-85,0,-56,-56,0,-61,0,0,0
12,7,0,0,0,-66,0,-82,-62,0,0,-57,-66,-66,-68,0,0,0,-58,0,-55,-70,-69,0,-63,0,-80,-61,0,-82,0,0,0,-70,0,-85,0,-58,-62,-62,0,0,0,0,0,0,0,-67,0,-67,-67,0,-69,-57,-69,0,0,-54,-82,-75,-56,-66,0,-83,0,-67,0,0,-63,-59,0,-89,-53,-82,0,0,0,-66,-72,0,-56,-56,-55,-51,0,-84,0,-70,0,-66,-66,0,-59,0,-84,0
12,7,1,0,0,-66,0,-75,-70,0,0,-55,-55,-66,-66,0,0,-75,-56,0,-62,-78,-79,0,-69,0,-74,-68,0,-75,0,0,0,-78,0,-85,0,-55,-68,-69,0,0,0,0,0,0,0,-55,0,-55,-66,0,-69,-56,-78,0,0,-64,-75,-75,-64,-55,0,-83,0,-67,0,0,-68,-55,0,-89,-55,-74,0,0,0,-55,-72,0,-65,-64,-64,-51,0,-84,-85,-79,0,-66,-60,0,-55,0,-84,0
12,7,2,0,0,-66,0,-83,-66,0,0,-54,-60,-59,-61,0,0,-83,-55,0,-63,-64,-64,0,-67,0,-84,-67,0,-83,0,0,0,-64,0,-85,0,-54,-66,-66,0,0,0,0,0,0,0,-59,0,-59,-60,0,-64,-54,-65,0,0,-63,-84,-75,-62,-59,0,-81,0,-60,0,0,-68,-55,0,-89,-54,-83,0,0,0,-59,-72,0,-63,-63,-61,-55,0,-84,-85,-65,0,-59,-59,0,-54,0,0,0
12,7,3,0,0,-61,0,-81,-71,0,0,-58,-60,-61,-61,0,0,-82,-58,0,-78,-67,-67,0,-71,0,-81,-70,0,-83,0,0,0,-67,0,-85,0,-58,-71,-74,0,0,0,0,0,0,0,-62,0,-62,-61,0,-67,-59,-67,0,0,-66,-81,-80,-79,-62,0,-74,0,-62,0,-89,-74,-58,0,-89,-66,-81,0,0,0,-62,-72,0,-76,-77,-76,-49,0,-84,0,-67,0,-59,-62,0,-59,0,-79,0
7,8,0,0,0,-61,-78,-75,-61,0,0,-55,-59,-70,-58,0,0,-70,-56,0,-74,-69,-69,0,-62,0,-75,-62,0,-74,0,0,0,-70,0,0,0,-56,-61,-62,0,-77,0,0,0,0,0,-59,0,-58,-62,0,-69,-56,-69,0,0,-73,-75,-77,-74,-59,0,-77,0,-62,0,0,-62,-55,0,0,-61,-75,0,0,0,-57,0,0,-73,-72,-74,-51,0,-83,0,-69,0,-69,-59,0,-55,0,0,0
7,8,1,0,0,-61,0,-79,-55,0,0,-63,-59,-60,-61,0,0,-79,-56,0,-75,-63,-62,0,-55,0,-79,-55,0,-79,0,0,0,-62,0,0,0,-63,-55,-55,0,0,0,0,0,0,0,-59,0,-59,-61,0,-62,-61,-62,0,0,-75,-79,-77,-75,-59,0,-82,0,-61,0,0,-55,-63,0,0,-69,-78,0,0,0,-59,-87,0,-75,-75,-75,-49,0,-83,0,-62,0,-61,-59,0,-63,0,0,0
7,8,2,0,0,-64,0,-79,-49,0,0,-59,-61,-60,-61,0,-89,-79,-59,0,-80,-68,-69,0,-49,0,-88,-49,0,-79,0,0,0,-68,0,0,0,-59,-49,-49,0,0,0,0,0,0,0,-61,0,-62,-61,0,-67,-59,-68,0,0,-79,-86,-82,-79,-61,0,-79,0,-61,0,0,-49,-58,0,0,-64,-78,0,0,0,-61,-83,0,-79,-75,-79,-47,0,-83,0,-68,0,-65,-61,0,-58,0,0,0
7,8,3,0,0,-63,0,-76,-61,0,0,-56,-61,-63,-63,0,-89,-76,-55,0,-76,-65,-65,0,-61,0,-76,-61,0,-75,0,0,0,-65,0,0,0,-57,-61,-62,0,0,0,0,0,0,0,-61,0,-61,-63,0,-65,-56,-65,0,0,-79,-75,-73,-79,-61,0,-79,-91,-63,0,0,-61,-56,0,0,-69,-75,0,0,0,-60,-83,0,-79,-79,-79,-47,0,-83,0,-65,0,-63,-61,0,-56,0,0,0
8,8,0,0,0,-68,-84,-75,-67,0,0,-53,-60,-68,-67,0,0,-75,-53,0,-77,-65,-67,0,-67,0,-76,-67,-85,-76,0,0,0,-66,0,0,0,-54,-67,-67,0,-86,0,-91,0,0,0,-60,0,-60,-67,0,-66,-53,-66,0,-90,-78,-74,-71,-78,-61,0,-77,-88,-68,0,-87,-67,-59,0,0,-62,-75,0,0,0,-60,-76,0,-74,-78,-78,-50,0,-83,0,-65,0,-67,-59,0,-53,0,-82,0
8,8,1,0,0,-60,0,-75,-58,0,0,-58,-62,-62,-62,0,0,-71,-57,0,-80,-70,-71,0,-58,0,-71,-58,0,-71,0,0,0,-70,0,0,0,-59,-58,-58,0,0,0,-88,0,0,0,-61,0,-62,-67,0,-70,-59,-71,0,0,-78,-70,-74,-80,-62,0,-77,-88,-64,0,-87,-58,-59,0,-89,-69,-71,0,0,-89,-61,-76,0,-79,-78,-81,-51,0,-83,0,-71,0,-62,-62,0,-59,0,-83,0
8,8,2,0,0,-67,0,-76,-56,0,0,-55,-54,-62,-62,0,0,-76,-55,0,-81,-70,-69,0,-56,0,-76,-55,0,-76,0,0,0,-69,0,0,0,-54,-55,-56,0,0,0,-88,0,0,0,-53,0,-53,-66,0,-69,-55,-69,0,0,0,-75,-78,-81,-53,0,-75,0,-64,0,-87,-55,-55,0,-89,-61,-76,0,0,-89,-53,-74,0,-80,-81,-80,-50,0,-83,0,-69,0,-67,-54,0,-55,0,-83,0
8,8,3,0,0,-61,0,-76,-66,0,0,-60,-58,-60,-61,0,0,-74,-55,0,-80,-71,-71,0,-65,0,-75,-65,0,-75,0,0,0,-71,0,0,0,-59,-65,-65,0,0,0,-88,0,0,0,-58,0,-58,-60,0,-69,-59,-71,0,0,0,-75,-76,-79,-58,0,-75,0,-61,0,-87,-65,-59,0,-89,-65,-74,0,0,-89,-61,-85,0,-80,-81,-80,-59,0,-83,-83,-72,0,-60,-58,0,-55,0,-83,0
9,8,0,0,0,-61,0,-69,-66,0,0,-58,-51,-60,-72,0,-89,-69,-58,0,-80,-70,-70,0,-65,0,-69,-65,0,-67,0,0,0,-70,0,0,0,-58,-65,-65,0,0,0,0,0,0,0,-52,0,-51,-56,0,-70,-58,-70,0,0,0,-75,-76,-72,-51,0,-79,0,-61,0,0,-64,-59,0,-89,-57,-68,0,0,0,-51,-67,0,-80,-72,-73,-41,0,-83,-83,-72,0,-57,-52,0,-58,0,0,0
9,8,1,0,0,0,0,-62,-61,0,0,-55,-57,-55,-69,0,-89,-61,-55,0,-74,-65,-65,0,-62,0,-62,-62,0,-61,0,0,0,-65,0,0,0,-55,-62,-62,0,0,0,0,0,0,0,-57,0,-57,-56,0,-66,-55,-65,0,0,-74,-62,0,-74,-58,0,-77,0,0,0,0,-62,-55,0,-89,-60,-62,0,0,0,-57,-67,0,0,-75,-74,-47,0,-83,0,-65,0,-57,-57,0,-55,0,-85,0
9,8,2,0,0,-63,0,-69,-57,0,-88,-71,-52,-62,-63,0,0,-69,-73,0,-70,-64,-64,0,-57,0,-69,-58,0,-69,0,0,0,-64,0,0,0,-71,-58,-58,0,-85,0,-88,0,0,0,-53,0,-52,-63,0,-65,-73,-63,0,0,-73,-68,0,-70,-51,0,-84,0,-63,0,0,-56,-72,0,-89,-61,-69,0,0,-88,-51,-73,0,-73,-73,-73,-50,0,-83,0,-64,0,-63,-53,0,-71,0,-85,0
9,8,3,0,0,-60,0,-70,-68,0,-88,-73,-61,-60,-60,0,0,-68,-73,0,-70,-71,-71,0,-67,0,-71,-68,0,-69,0,0,0,-71,0,0,0,-75,-68,-68,0,-85,0,-88,0,0,0,-60,0,-61,-60,0,-71,-73,-71,0,0,-72,-68,-80,-70,-61,0,-78,0,-60,0,0,-66,-73,0,-89,-72,-71,0,0,-88,-61,-80,0,-73,-72,-71,-57,0,-83,0,-71,0,-59,-61,0,-72,0,-85,0
10,8,0,0,0,-58,0,-70,-67,0,-88,-60,-66,-59,-59,0,0,-68,-60,0,-59,-76,-77,0,-67,0,-71,-67,0,-69,0,0,0,-77,0,0,0,-61,-67,-66,0,-85,0,-88,0,0,0,-67,0,-66,-57,0,-76,-60,-78,0,0,-59,-75,-80,-58,-67,0,-78,0,-59,0,0,-66,-73,0,-89,-59,-71,0,0,-88,-67,-80,0,-59,-58,-59,-63,0,-83,0,-77,0,-59,-67,0,-60,0,0,0
10,8,1,0,0,-58,0,-73,-61,0,0,-51,-58,-59,-60,0,-85,-72,-52,0,-64,-71,-71,0,-60,0,0,-62,0,-73,0,0,0,-71,0,0,0,-52,-63,-63,0,0,0,0,0,0,0,-58,0,-59,-57,0,-70,-52,-71,0,0,-59,-75,0,-64,-58,0,0,0,-59,0,0,-63,-51,0,-89,-74,-73,0,0,0,-59,-75,0,-63,-63,-59,-58,0,-83,0,-71,0,-59,-59,0,-52,-83,0,0
10,8,2,0,0,-58,0,-76,-61,0,0,-56,-55,-63,-63,0,-85,-75,-56,0,-71,-69,-69,0,-62,0,-76,-61,0,-75,0,0,0,-70,0,0,0,-55,-61,-62,0,0,0,0,0,0,0,-54,0,-55,-57,0,-70,-56,-71,0,0,-71,-75,0,-71,-54,0,0,0,-63,0,0,-62,-56,0,-89,-60,-76,0,0,0,-54,-75,0,-71,-71,-71,-64,0,-83,0,-70,0,-59,-55,0,-56,-83,0,0
10,8,3,0,0,-54,0,-76,-61,0,0,-56,-59,-55,-55,0,-82,-80,-56,0,-71,-81,-81,0,-61,0,-76,-61,0,-81,0,0,0,-81,0,0,0,-56,-61,-61,0,0,0,-82,0,0,0,-59,0,-59,-53,0,-81,-57,-81,0,0,-70,-81,0,-70,-58,0,0,0,-54,0,0,-62,-56,0,-89,-69,-76,0,0,0,-58,-75,0,-70,-71,-70,-58,0,-83,0,-81,0,-54,-59,0,-56,-83,0,0
11,8,0,0,0,-54,0,-77,-61,0,0,-53,-52,-55,-65,0,-82,-77,-53,0,-59,-76,-80,0,-61,0,-78,-61,0,-78,0,0,0,-79,0,0,0,-53,-61,-61,0,0,0,-82,0,0,0,-51,0,-51,-64,0,-79,-53,-80,0,0,-59,-79,-77,-59,-52,0,-84,0,-54,0,0,-61,-53,0,-89,-64,-77,0,0,0,-52,0,0,-59,-58,-59,-70,0,-83,0,-80,0,-54,-52,0,-53,0,0,0
11,8,1,0,0,-54,0,-73,-61,0,0,-54,-49,-65,-65,0,-82,-73,-54,0,-69,-75,-75,0,-63,0,-73,-61,-86,-73,0,0,0,-76,0,0,0,-57,-62,-62,0,0,0,0,0,0,0,-49,0,-49,-64,0,-75,-54,-75,0,0,-59,-73,-77,-68,-49,0,-84,0,-54,0,0,-63,-54,0,-89,-48,-73,0,0,0,-49,0,0,-59,-68,-66,-60,0,-83,0,-75,0,-64,-49,0,-55,0,0,0
11,8,2,0,0,-63,0,-80,-58,0,-86,-52,-57,-65,-65,0,-82,-80,-52,0,-64,-79,-73,0,-61,0,-80,-61,-86,-80,0,0,0,-74,0,-86,0,-51,-59,-61,0,0,0,0,0,0,0,-58,0,-57,-66,0,-73,-53,-74,0,0,-64,-79,-77,-64,-57,0,-84,0,-65,0,0,-60,-52,0,-89,-54,-79,0,0,0,-57,0,0,-64,-64,-65,-57,0,-83,0,-73,0,-66,-57,0,-52,0,0,0
11,8,3,0,0,-59,0,-79,-68,0,-86,-54,-49,-59,-60,0,0,-80,-54,0,-61,-76,-77,0,-68,0,-79,-68,-86,-80,0,0,0,-74,0,-86,0,-53,-68,-68,0,0,0,0,0,0,0,-49,0,-49,-60,0,-73,-52,-78,0,0,-61,-79,0,-61,-53,0,-85,0,-65,0,0,-68,-52,0,-89,-58,-79,0,0,0,-49,0,0,-61,-61,-61,-60,0,-83,0,-78,0,-58,-49,0,-53,0,0,0
12,8,0,0,0,-59,0,-80,-58,0,-86,-54,-62,-64,-64,0,0,-81,-52,0,-61,-73,-72,0,-58,0,-81,-59,0,-81,0,0,0,-72,0,-86,0,-53,-59,-59,0,0,0,0,0,0,0,-62,0,-63,-60,0,-72,-52,-73,0,0,-56,-81,0,-56,-61,0,-76,0,-64,0,0,-58,-52,0,-89,-55,-81,0,0,0,-62,0,0,-56,-56,-56,-60,0,-83,0,-73,0,-58,-61,0,-53,0,0,0
12,8,1,0,0,-60,0,-81,-66,0,0,-51,-55,-60,-60,0,-86,-81,-51,0,-60,-74,-76,0,-66,0,-81,-59,0,-82,0,0,0,-77,0,-86,0,-54,-66,-66,0,0,0,0,0,0,0,-55,0,-56,-60,0,-74,-50,-75,0,0,-59,-81,-77,-60,-55,0,-76,0,-60,0,0,-66,-51,0,-89,-49,-81,0,0,0,-55,0,0,-61,-60,-59,-61,0,-83,0,-74,0,-60,-55,0,-51,0,0,0
12,8,2,0,0,-67,0,-76,-59,0,0,-53,-61,-60,-60,0,-86,-75,-53,0,-63,-79,-76,0,-66,0,-81,-61,0,-76,0,0,0,-78,0,-88,0,-53,-60,-61,0,0,0,0,0,0,0,-62,0,-62,-67,0,-78,-53,-79,0,0,-59,-75,-78,-63,-62,0,-88,0,-60,0,0,-61,-53,0,-89,-61,-75,0,0,-89,-62,0,0,-61,-60,-59,-60,0,-83,0,-74,0,-60,-61,0,-53,0,0,0
12,8,3,0,0,-61,0,-77,-63,0,0,-53,-65,-57,-61,0,0,-77,-52,0,-58,-79,-76,0,-64,0,-77,-63,0,-77,0,0,0,-77,0,-88,0,-53,-63,-63,0,0,0,0,0,0,0,-64,0,-64,-61,0,-76,-51,-76,0,0,-56,-77,-78,-58,-65,0,-88,0,-61,0,0,-64,-51,0,-89,-55,-77,0,0,-89,-64,0,0,-58,-57,-57,-53,0,-83,0,-76,0,-60,-64,0,-51,0,0,0
13,8,0,0,0,-61,0,-75,-71,0,0,-57,-64,-70,-69,0,0,-75,-57,0,-53,-78,-78,0,-71,0,-75,-71,0,-74,0,0,0,-78,0,-88,0,-57,-71,-72,0,0,0,0,0,0,0,-65,0,-62,-61,0,-79,-57,-77,0,0,-51,-74,-78,-53,-65,0,-80,0,-70,0,0,-72,-57,0,-89,-63,-75,0,0,-89,-65,-85,0,-51,-53,-51,-57,0,-83,0,-78,0,-60,-65,0,-57,0,0,0
13,8,1,0,0,-63,0,-76,-69,0,0,-55,-59,-63,-63,0,0,-76,-54,0,-68,-73,-72,0,-71,0,-75,-71,0,-76,0,0,0,-74,0,-88,0,-54,-78,-70,0,0,0,0,0,0,0,-57,0,-59,-63,0,-72,-53,-73,0,0,-69,-74,0,-68,-59,0,-80,0,-64,0,0,-71,-54,0,-89,-49,-76,0,0,0,-59,-81,0,-51,-68,-69,-56,0,-83,0,-73,0,-63,-58,0,-52,0,-85,0
13,8,2,0,0,-63,0,-85,-66,0,0,-57,-71,-63,-63,0,0,-85,-57,0,-61,-69,-69,0,-66,0,-75,-66,0,-85,0,0,0,-70,0,-85,0,-57,-66,-66,0,0,0,0,0,0,0,-70,0,-71,-63,0,-70,-58,-69,0,0,-61,-84,0,-61,-72,0,-82,0,-64,0,0,-66,-58,0,-89,-64,-76,0,0,0,-70,-74,0,-61,-61,-61,-57,0,-83,0,-69,0,-66,-70,0,-58,0,-85,0
13,8,3,0,0,-62,0,-79,-71,0,0,-50,-67,-63,-63,0,0,-79,-50,0,-61,-76,-76,0,-66,0,-79,-70,0,-80,0,0,0,-76,0,-85,0,-50,-71,-71,0,0,0,0,0,0,0,-67,0,-67,-61,0,-76,-50,-76,0,0,-60,-78,0,-60,-67,0,-82,0,-62,0,0,-72,-49,0,-93,-59,-79,0,0,0,-67,-74,0,-61,-60,-60,-57,0,-83,0,-76,0,-63,-67,0,-50,0,-85,0
9,9,3,0,0,-66,0,-82,-68,0,-87,-64,-59,-66,-65,0,0,-78,-62,0,-70,-80,-80,0,-69,0,-82,-69,0,-82,0,0,0,-80,0,0,0,-64,-68,-68,0,0,0,0,0,0,0,-59,0,-59,-65,0,-80,-60,-80,0,0,-70,-73,-81,-70,-59,0,-85,0,-65,0,0,-69,-61,0,0,-66,-82,0,0,0,-59,-80,0,-68,-70,-70,-59,0,0,-88,-80,0,-65,-59,0,-60,-87,-80,0
9,9,0,0,0,-63,0,-82,-67,0,-87,-64,-60,-63,-63,0,0,-78,-63,0,-70,-78,-80,0,-65,0,-75,-68,0,-70,0,0,0,-78,0,0,0,-64,-67,-66,0,0,0,0,0,0,0,-60,-84,-60,-61,0,-78,-64,-78,0,0,-73,-76,-80,-70,-60,0,-84,0,-61,0,0,-66,-64,0,0,-69,-82,0,0,0,-59,-80,0,-73,-73,-70,-59,0,0,-88,-79,0,-63,-59,0,-64,-87,-80,0
9,9,1,0,0,-63,0,-71,-68,0,0,-64,-59,-63,-62,0,0,-73,-63,0,-78,-75,-80,0,-69,0,-73,-68,0,-73,0,0,0,-78,0,0,0,-64,-70,-67,0,0,0,0,0,0,0,-59,-84,-59,-63,0,-78,-64,-74,0,0,-77,-73,-82,-78,-59,0,-71,0,-63,0,0,-70,-64,0,0,-72,0,0,0,0,-59,-76,0,-77,-73,-70,-59,0,0,0,-79,0,-63,-59,0,-64,-87,0,0
9,9,2,0,0,-64,0,-85,-67,0,0,-67,-62,-64,-64,0,0,-84,-67,0,-73,-76,-77,0,-67,0,-85,-67,0,-84,0,0,0,-77,0,0,0,-67,-67,-68,0,0,0,0,0,0,0,-62,-84,-63,-64,0,-78,-67,-76,0,0,-74,-85,-82,-74,-63,0,-84,0,-64,0,0,-67,-68,0,0,-72,-84,0,0,0,-63,-76,0,-73,-74,-73,-58,0,0,0,-77,0,-64,-63,0,-67,0,0,0
1,3,0,-75,0,-69,0,0,-66,-89,-73,-70,-79,-69,-69,-91,-75,0,-70,-87,-82,-82,-83,-75,-66,0,0,-67,0,-75,0,0,0,0,0,0,-75,-70,-67,-67,0,0,-89,0,0,0,0,-79,0,-79,-70,0,0,-70,0,-75,0,-83,0,0,-82,-79,0,0,0,-55,-75,0,-67,-70,0,-88,-88,0,0,0,0,-79,0,0,-83,-82,-81,0,-75,0,-86,-83,0,-69,-79,0,-71,-74,0,0
1,3,1,-75,0,-69,0,0,-72,0,-79,-80,-79,-69,-69,0,-79,0,-79,0,-82,-79,-79,0,-72,0,0,-72,0,-75,0,0,0,-79,0,-79,0,-79,-72,-73,0,0,0,0,0,0,0,-79,0,-79,-75,0,-79,-78,-78,0,0,-83,0,0,-82,-79,0,0,0,-76,0,0,-73,-79,0,-91,-88,0,0,0,-90,-79,0,0,-83,-82,-81,-88,0,0,-79,-79,0,-69,-79,0,-79,0,0,0
1,3,2,-75,0,-74,0,0,-77,0,-80,-80,-79,-69,-69,0,-80,0,-80,0,-82,-80,-80,0,-77,0,0,-77,0,-75,0,0,0,-79,0,-80,0,-81,-77,-77,0,0,0,0,0,0,0,-79,0,-79,-74,0,-81,-80,-78,0,0,-83,0,0,-82,-79,0,0,0,-74,0,0,-77,-80,0,-91,-84,0,0,0,-90,-79,0,0,-83,-82,-81,-82,0,0,-79,-80,0,-74,-79,0,-80,-80,0,0
1,3,3,-75,0,-68,0,0,-70,0,-83,-77,0,-69,-69,0,-83,0,-77,0,0,-80,-80,0,-70,0,0,-70,0,-75,0,0,0,-85,0,-80,0,-77,-70,-70,0,0,0,0,0,0,0,-83,0,-81,-69,0,-81,-77,-86,0,0,0,0,0,-82,0,0,0,0,-68,0,0,-70,-77,0,-91,-83,0,0,0,-90,-82,0,0,0,0,0,-84,0,0,-79,-80,0,-69,-83,0,-77,-84,0,0
1,4,0,-75,0,-68,0,0,-71,0,-82,-82,0,-78,-78,0,-84,0,-79,0,0,-73,-73,0,-71,0,0,-71,0,-75,0,0,0,-72,0,-84,0,-79,-71,-71,0,0,0,0,0,0,0,-80,-84,-81,-73,0,-73,-83,-73,0,0,0,0,0,-82,0,0,0,0,-72,0,0,-71,-79,0,-91,-89,0,0,0,0,-82,0,0,0,0,0,-87,0,0,0,-73,0,-78,-81,0,-81,-84,0,0
1,4,1,-75,0,-68,0,0,-73,0,-81,-80,0,-68,-68,0,-84,0,-80,0,0,-73,-75,0,-73,0,0,-72,0,-75,0,0,0,-72,0,-81,0,-80,-73,-73,0,0,0,0,0,0,0,0,-84,0,-67,0,-74,-79,-75,0,0,0,0,-87,-82,0,0,0,0,-69,0,0,-72,-80,0,-91,-89,0,0,0,0,0,0,0,0,0,0,0,0,0,-80,-75,0,-69,-81,0,-80,-84,0,0
1,4,2,-75,0,-72,0,0,-67,0,-81,-84,0,-68,-68,0,-85,0,-83,0,0,0,-75,0,-67,0,0,-66,0,-75,0,0,0,0,0,-81,0,-84,-66,-67,0,0,0,0,0,0,0,-81,-86,0,-73,0,-74,-84,-75,0,0,0,0,-87,-82,0,0,0,0,-69,0,0,-67,-83,0,-91,-85,0,0,0,0,0,0,0,0,0,0,-86,0,0,-80,-75,0,-73,-81,0,-84,-85,0,0
1,4,3,-75,0,-79,0,0,-77,0,-80,-75,-78,-68,-68,0,-85,0,-74,0,0,-76,-79,0,-77,0,0,-78,0,-75,0,0,0,-79,0,-81,0,-74,-77,-77,0,0,0,0,0,0,0,-77,-86,-78,-77,0,-79,-76,-79,0,0,0,0,-83,-82,-77,0,0,0,-69,0,0,-77,-74,0,-91,-84,0,0,0,0,-78,0,0,0,0,0,-76,0,0,-80,-80,0,-79,-78,0,-74,-85,0,0
1,5,0,-75,0,-79,0,0,-69,0,-80,-81,-78,-72,0,0,-81,0,-74,0,0,-71,-71,0,-69,0,0,-69,0,-75,0,0,0,-72,0,-81,0,-74,-69,-70,0,0,0,0,0,0,0,-81,-80,-78,-72,0,-71,-76,-71,0,0,0,0,-83,-82,-77,0,-89,0,-72,0,0,-69,-74,0,-91,-84,0,0,0,0,-81,0,0,0,0,0,-74,0,0,-80,-71,0,-72,-78,0,-74,-81,0,0
1,5,1,-75,0,-74,0,-88,-64,0,0,-81,0,-72,0,0,-85,-88,-81,0,0,-70,-70,0,-63,0,-87,-64,0,-87,0,0,0,-71,0,-81,0,-81,-63,-63,0,0,0,0,0,0,0,-81,-80,0,-73,0,-70,-81,-71,0,0,0,-86,0,-82,0,0,-89,0,-73,0,0,-63,-81,0,-91,-88,-88,0,0,0,-81,0,0,0,0,0,-85,0,0,0,-70,0,-72,-78,0,-81,-81,0,0
1,5,2,-75,0,-80,0,-88,-64,0,0,-81,0,-72,-78,0,-84,-88,-76,0,0,-83,-82,0,-64,0,-87,-64,0,-87,0,0,0,-83,0,-85,0,-75,-65,-64,0,0,0,0,0,0,0,-77,-86,0,-73,0,-83,-76,-82,0,0,0,-86,-84,-82,-81,0,-89,0,-73,0,0,-64,-76,0,-91,-85,-88,0,0,0,-80,-92,0,0,0,0,-79,0,0,0,-82,0,-79,-81,0,-76,-85,0,0
1,5,3,-75,0,-68,0,-88,-66,0,-80,-79,0,-68,-68,0,-79,-88,-79,0,0,-68,-68,0,-66,0,-87,-66,0,-87,0,0,0,-67,0,-79,0,-78,-66,-66,0,0,0,0,0,0,0,-84,-86,-83,-69,0,-68,-79,-67,0,0,0,-86,-84,-82,-81,0,0,0,-68,0,0,-66,-79,0,-91,-85,-88,0,0,0,-80,-92,0,0,0,0,-76,0,0,-79,-67,0,-68,-83,0,-78,-85,0,0
1,6,0,0,0,-73,0,-88,-63,0,-83,-78,-83,-75,-76,0,-85,0,-77,0,0,-72,-73,0,-63,0,-88,-63,0,0,0,0,0,-72,0,-84,0,-77,-63,-63,0,0,0,0,0,0,0,-83,-85,-84,-73,0,-73,-77,-72,0,0,0,0,-84,0,-84,0,0,0,-74,0,0,-63,-78,0,0,-81,0,0,0,0,-86,0,0,0,0,0,-77,0,0,0,-72,0,-78,-83,0,-77,-86,0,0
1,6,1,0,0,-73,0,0,-66,0,-84,-80,0,-76,-76,0,-83,0,-80,0,0,-69,-69,0,-66,0,0,-67,0,0,0,0,0,-69,0,-82,0,-81,-67,-67,0,0,0,0,0,0,0,0,-85,-81,-81,0,-69,-79,-69,0,0,0,0,-84,0,0,0,0,0,-77,0,0,-66,-80,0,0,-82,0,0,0,0,-86,0,0,0,0,0,-73,0,0,0,-69,0,-75,-81,0,-80,-82,0,0
1,6,2,0,0,0,0,0,-65,0,-84,-81,-83,-83,-83,0,-83,0,-81,0,0,-72,-72,0,-65,0,0,-65,0,0,0,0,0,-71,0,-82,0,-81,-65,-65,0,0,0,0,0,0,0,0,0,-81,-81,0,-71,-81,-71,0,0,0,0,0,0,0,0,0,0,-84,0,0,-65,-81,0,0,-85,0,0,0,0,0,0,0,0,0,0,-76,0,0,-86,-72,0,-75,-81,0,-81,-82,0,0
1,6,3,0,0,-73,0,0,-63,0,-84,-86,-83,-74,-73,0,-86,0,-81,0,0,-71,-70,0,-63,0,-90,-63,0,-88,0,0,0,-71,0,-82,0,-81,-63,-63,0,0,0,0,0,0,0,0,0,-81,-73,0,-71,-85,-71,0,0,0,0,-85,0,0,0,0,0,-73,0,0,-63,-85,0,0,-86,0,0,0,0,0,0,0,0,0,0,-78,0,0,-86,-70,0,-73,-81,0,-81,-82,0,0
1,7,0,0,0,-73,0,0,-51,0,-84,-80,-83,-77,-73,0,-86,0,-81,0,0,-72,-71,0,-51,0,-90,-51,0,-88,0,0,0,-71,0,-86,0,-81,-51,-52,0,0,0,0,0,0,0,0,0,-81,-77,0,-72,-81,-72,0,0,0,0,-84,0,0,0,0,0,-77,0,0,-51,-81,0,0,-77,0,0,0,0,0,-88,0,0,0,0,-77,0,0,-86,-71,0,-73,-81,0,-81,-86,0,0
1,7,1,0,0,-73,0,0,-57,0,-88,-83,0,-77,0,0,-86,0,-82,0,0,-69,-69,0,-57,0,0,-57,0,-88,0,0,0,-69,0,-86,0,-81,-57,-56,0,0,0,0,0,0,0,0,0,0,-77,-88,-70,-82,-68,0,0,0,0,-77,0,0,0,0,0,-77,0,0,-57,-82,0,0,-77,0,0,0,0,0,-88,0,0,0,0,-84,0,0,0,-69,0,-85,-81,0,-81,-86,0,0
1,7,2,0,0,-73,0,0,-49,0,-88,-83,0,-77,-73,0,-88,0,-82,0,0,-73,-73,0,-49,0,0,-50,0,-88,0,0,0,-71,0,-86,0,-85,-49,-49,0,0,0,0,0,0,0,0,0,0,-80,-88,-72,-82,-73,0,0,0,0,-79,0,0,0,0,0,-77,0,0,-49,-82,0,0,-83,0,0,0,0,0,-88,0,0,0,0,-81,0,0,0,-73,0,-82,-81,0,-85,-86,0,0
1,7,3,0,0,0,0,0,-69,0,-88,-80,0,-76,-73,0,-83,0,-79,0,0,-68,-69,0,-70,0,0,-70,0,-88,0,0,0,-69,0,-86,0,-79,-70,-70,0,0,0,0,0,0,0,0,0,0,-76,-88,-69,-80,-69,0,0,0,0,-78,0,-86,0,0,0,-77,0,0,-69,-82,0,0,-77,0,0,0,0,0,-93,0,0,0,0,-79,0,0,0,-69,0,-77,-81,0,-79,-83,0,0
1,8,0,0,0,0,0,0,-49,0,-86,-79,-81,-79,-80,0,-83,0,-81,0,0,-69,-70,0,-49,0,0,-49,0,-88,0,0,0,-70,0,-86,0,-80,-49,-49,0,0,0,0,0,0,0,-85,-87,-83,-76,0,-70,-80,-70,0,0,0,0,-77,0,-83,0,0,0,-79,0,0,-48,-80,0,0,-83,0,0,0,0,0,-93,0,0,0,0,-80,0,0,0,-70,0,-77,-82,0,-80,-83,0,0
1,8,1,0,0,0,0,0,-40,0,-86,-79,-81,0,-79,0,0,0,-81,0,0,-67,-67,0,-40,0,0,-41,0,-88,0,0,0,-67,0,-86,0,-80,-41,-41,0,0,0,0,0,0,0,0,-89,-83,0,0,-68,-80,-66,0,0,0,0,-78,0,0,0,0,0,-79,0,0,-41,-80,0,0,-83,0,0,0,0,0,0,0,0,0,0,-83,0,0,0,-68,0,-79,-82,0,-80,-88,0,0
1,8,2,0,0,-82,0,0,-41,0,-86,-79,-81,-79,-80,0,0,0,-81,0,0,-73,-73,0,-41,0,0,-41,0,-88,0,0,0,-74,0,-83,0,-80,-41,-41,0,0,0,0,0,0,0,0,-89,-86,-82,0,-72,-80,-73,0,0,0,0,-84,0,0,0,0,0,-79,0,0,-41,-80,0,0,-84,0,0,0,0,0,0,0,0,0,0,-85,0,0,0,-73,0,-81,-84,0,-80,-88,0,0
1,8,3,0,0,-74,0,0,-42,0,-84,-83,-79,-74,-74,0,-83,0,-85,0,0,-71,-71,0,-42,0,0,-43,0,-89,0,0,0,-71,0,-82,0,0,-42,-43,0,0,0,0,0,0,0,0,-89,-79,-74,-88,-70,-83,-70,0,0,0,0,-74,0,0,0,0,0,-74,0,0,-43,0,0,0,-86,0,0,0,0,0,0,0,0,0,0,-82,0,0,-83,-70,0,-74,-79,0,-83,-83,0,0
1,9,0,0,0,-76,0,-83,-53,0,-84,-83,-79,-74,-76,0,-83,-82,-85,0,0,-73,-73,0,-53,0,-82,-53,0,-82,0,0,0,-74,0,-82,0,-82,-53,-53,0,0,0,0,0,0,0,0,0,-79,-74,-88,-73,-83,-73,0,0,0,-82,-76,0,0,0,0,0,-74,0,0,-52,-81,0,0,-83,-82,0,0,0,0,0,0,0,0,0,-84,0,0,-83,-73,0,-76,-79,0,-83,-83,0,0
1,9,1,0,0,-82,0,-83,-51,0,0,0,0,-74,-81,0,-83,-82,0,0,0,-70,-69,0,-51,0,-82,-51,0,-82,0,0,0,-70,0,-82,0,-82,-51,-51,0,0,0,0,0,0,0,0,-84,0,-74,0,-70,0,-69,0,0,0,-82,-72,0,0,0,0,0,-74,0,0,-51,-87,0,0,-83,-82,0,0,0,0,0,0,0,0,0,-80,0,0,0,-69,0,-82,-79,0,-83,-83,0,0
1,9,2,0,0,-80,0,-83,-56,0,0,0,0,-80,-80,0,-83,-82,0,0,0,-69,-69,0,-56,0,-82,-57,0,-82,0,0,0,-70,0,-82,0,-82,-56,-57,0,0,0,0,0,0,0,0,-84,0,-74,0,-69,0,-69,0,0,0,-82,-76,-89,0,0,0,0,-80,0,0,-57,-87,0,0,-83,-82,0,0,0,0,0,0,0,0,0,-80,0,0,0,-69,0,-79,-79,0,-83,-83,0,0
1,9,3,0,0,-80,0,-84,-55,0,-83,0,-85,-79,-76,0,-83,-85,0,0,0,-69,-71,0,-55,0,0,-55,0,-85,0,0,0,-71,0,-84,0,0,-55,-60,0,0,0,0,0,0,0,0,-88,0,-78,0,-71,0,-71,0,0,0,-84,-64,-88,0,0,-89,0,-80,0,0,-58,0,0,0,-76,-85,0,0,0,-85,0,0,0,0,0,-81,0,0,0,-72,0,-79,-79,0,-83,0,0,0
1,10,3,0,0,-76,0,-84,-70,0,-83,0,-85,-76,-77,0,-83,-85,-85,0,-73,-73,-74,0,-70,0,0,-70,0,-74,0,0,0,-75,0,-84,0,-84,-70,-67,0,0,0,0,0,0,0,0,-88,0,-78,0,-74,0,-73,0,0,0,-75,-56,-73,0,0,-84,0,-76,0,0,-70,0,0,0,-76,-85,0,0,0,-85,0,0,0,0,0,-80,0,0,-86,-74,0,-76,-79,0,-83,0,0,0
1,10,0,0,0,-73,0,-82,-66,0,-87,0,0,-73,-73,0,-88,-82,-85,0,-80,-73,-72,0,-66,0,-82,-66,0,-81,0,0,0,-73,0,-84,0,-84,-66,-66,0,0,0,0,0,0,0,0,0,0,-74,0,-73,0,-73,0,0,-79,-82,-69,-79,0,0,-85,0,-73,0,0,-66,0,0,0,-84,-82,0,0,0,0,0,0,-80,-79,-79,-80,0,0,-86,-73,0,-72,-79,0,-83,0,0,0
1,10,1,0,0,-73,0,-82,-57,0,-87,0,0,-73,-73,0,-88,-82,0,0,-81,-72,-71,0,-56,0,-82,-57,0,-81,0,0,0,-71,0,-84,0,0,-57,-56,0,0,0,0,0,0,0,0,-87,0,-74,0,-71,-86,-71,0,0,-80,-82,-65,-80,0,0,-85,0,-73,0,0,-56,0,0,0,-85,-82,0,0,0,0,0,0,-80,-80,-80,-82,0,0,0,-71,0,-72,-79,0,-85,-89,0,0
1,10,2,0,0,-73,0,-71,-59,0,-87,0,0,-73,-73,0,-88,-72,0,0,-75,-72,-71,0,-59,0,-70,-58,0,-71,0,0,0,-80,0,-84,0,0,-58,-58,0,0,0,0,0,0,0,0,-87,0,-74,0,-79,-86,-80,0,0,-76,-71,-65,-75,0,0,-83,0,-73,0,0,-59,0,0,0,-85,-71,0,0,0,0,0,0,-76,-80,-80,-84,0,0,0,-71,0,-72,-79,0,-85,-88,0,0
2,10,0,0,0,-78,0,-77,-62,0,0,0,0,-84,-77,0,-87,-78,0,0,-72,-73,-73,0,-61,0,-77,-61,0,-77,0,0,0,-71,0,-84,0,0,-61,-61,0,0,0,0,0,0,0,0,0,0,-85,-87,-72,0,-73,0,0,-69,-77,-69,-73,0,0,-83,0,-84,0,0,-60,0,0,0,-84,-77,0,-88,0,0,0,0,-73,-73,-73,-80,0,0,-89,-72,0,-77,-79,0,-85,-88,0,0
2,10,1,0,0,0,0,-77,-57,0,0,0,0,-84,0,0,0,-78,0,0,-76,-68,-68,0,-57,0,-75,-57,0,-75,0,0,0,-70,0,-84,0,0,-57,-57,0,0,0,0,0,0,0,0,0,0,-85,-87,-68,0,-70,0,0,-76,-75,-58,-76,0,0,-86,0,-87,0,0,-56,0,0,0,-84,-77,0,-88,0,0,0,0,-76,-75,-75,-78,0,0,0,-70,0,-77,-79,0,-85,0,0,0
2,10,2,0,0,0,0,-71,-63,0,0,0,0,-87,0,0,0,-70,0,0,-83,-72,-72,0,-63,0,-71,-63,0,-71,0,0,0,-72,0,-84,0,0,-62,-63,0,0,0,0,0,0,0,0,0,0,-85,-87,-72,0,-72,0,0,-76,-71,-59,-83,0,0,-83,0,-87,0,0,-63,0,0,0,-84,-77,0,-88,0,0,0,0,-84,-75,-75,-79,0,0,0,-71,0,-77,-79,0,-85,0,0,0
2,10,3,0,0,0,0,-76,-57,0,0,0,0,-87,0,0,0,-75,0,0,-76,-76,-75,0,-57,0,-71,-57,0,-76,0,0,0,-74,0,-84,0,0,-57,-57,0,0,0,0,0,0,0,0,0,0,-83,0,-76,0,-75,0,0,-76,-77,-70,-76,0,0,-80,0,-87,0,0,-57,0,0,0,-84,-76,0,0,0,0,0,0,-84,-76,-75,-77,0,0,0,-74,0,-77,-79,0,-85,0,0,0
3,10,0,0,0,0,0,-72,-60,0,0,-83,0,0,0,0,0,-72,-84,0,-71,-65,-66,0,-59,0,-71,-59,0,-72,0,0,0,-66,0,0,0,-82,-59,-59,0,0,0,0,0,0,0,0,0,-85,-85,0,-65,-84,-66,0,0,-65,-72,-51,-72,0,0,-68,0,-84,0,0,-59,-82,0,0,-84,-72,0,-86,0,0,0,0,-70,-65,-65,-74,0,0,0,-65,0,-84,0,0,-82,0,-80,0
3,10,1,0,0,0,0,-74,-59,0,0,-83,0,0,0,0,0,-74,0,0,-78,-69,-69,0,-59,0,-73,-59,0,-74,0,0,0,-69,0,0,0,-82,-59,-59,0,0,0,0,0,0,0,0,0,0,0,0,-69,-84,-69,0,0,-78,-73,-56,-79,0,0,-76,0,0,0,0,-60,-82,0,0,0,-74,0,0,0,0,0,0,-78,-78,-78,-77,0,0,0,-70,0,-88,0,0,-82,0,0,0
3,10,2,0,0,0,0,-71,-61,0,0,-83,0,0,0,0,0,-74,0,0,-74,-73,-73,0,-61,0,-71,-61,0,-74,0,0,0,-73,0,0,0,-82,-61,-61,0,0,0,0,0,0,0,0,0,0,0,0,-72,-84,-73,0,0,-74,-71,-57,-74,0,0,-76,0,0,0,0,-61,-82,0,0,-87,-74,0,0,0,0,0,0,-74,-73,-73,-73,0,0,0,-73,0,-88,0,0,-82,0,-87,0
3,10,3,0,0,0,0,-74,-61,0,0,0,0,0,0,0,0,-74,0,0,-75,-64,-65,0,-62,0,-74,-62,0,-74,0,0,0,-65,0,0,0,0,-61,-62,0,0,0,0,0,0,0,0,0,0,0,0,-65,0,-65,0,0,-74,-71,-53,-75,0,0,-85,0,0,0,0,-62,0,0,0,-87,-74,0,0,0,0,0,0,-74,-75,-75,-73,0,0,0,-65,0,-88,0,0,-82,0,-84,0
4,10,0,0,0,0,0,-76,-60,0,0,0,0,0,-83,0,0,-76,-86,0,-77,-66,-66,0,-51,0,-76,-51,0,-74,0,0,0,-66,0,0,0,-87,-52,-50,0,0,0,0,0,0,0,0,0,0,0,0,-65,0,-66,0,0,-74,-74,-60,-77,0,0,-71,0,0,0,0,-52,-85,0,0,-85,-74,0,0,0,0,0,0,-77,-77,-78,-78,0,0,0,-66,0,-84,0,0,-82,0,-84,0
4,10,1,0,0,0,0,-78,-55,0,0,0,0,0,-83,0,0,-79,-86,0,-73,-65,-65,0,-55,0,-78,-56,0,-79,0,0,0,-65,0,0,0,-87,-56,-55,0,0,0,0,0,0,0,0,0,0,-84,0,-65,0,-65,0,0,-74,-80,-59,-73,0,0,-71,0,-84,0,0,-55,-85,0,0,-85,-79,0,-89,0,0,0,0,-73,-73,-78,-73,0,0,0,-69,0,-84,0,0,-82,0,0,0
4,10,2,0,0,0,0,-81,-50,0,0,0,0,0,-83,0,0,-81,-86,0,-75,-64,-63,0,-50,0,-78,-51,0,-81,0,0,0,-64,0,0,0,-87,-51,-51,0,0,0,0,0,0,0,0,0,0,-84,0,-64,0,-63,0,0,-74,-81,-59,-75,0,0,-78,0,-84,0,0,-51,-85,0,0,-83,-82,0,-89,0,0,0,0,-75,-75,-75,-65,0,0,0,-64,0,-86,0,0,-82,0,-72,0
4,10,3,0,0,0,0,-80,-56,0,0,-87,0,-82,-82,0,0,-81,0,0,-71,-61,-61,0,-55,0,-80,-57,0,-80,0,0,0,-62,0,0,0,0,-56,-57,0,0,0,0,0,0,0,0,0,0,-84,0,-61,0,-61,0,0,-72,-81,-66,-71,0,0,-79,0,-83,0,0,-57,0,0,0,-83,-80,0,-89,0,0,0,0,-72,-71,-71,-72,0,0,0,-60,0,-86,0,0,-82,0,-74,0
5,10,3,0,0,-80,0,-71,-55,0,0,-79,0,-81,-82,0,0,-71,0,0,-75,-55,-55,0,-55,0,-71,-55,0,-70,0,0,0,-55,0,0,0,0,-55,-55,0,0,0,0,0,0,0,0,0,0,0,0,-55,0,-55,0,0,-76,-71,-65,-75,0,0,-73,0,-80,0,0,-57,0,0,0,-84,-71,0,0,0,0,0,0,-75,-73,-74,-72,0,0,0,-55,0,-86,0,0,-79,0,-75,0
5,10,0,0,0,-80,0,-64,-62,0,0,-79,-83,-81,-83,0,0,-64,0,0,-70,-61,-61,0,-61,0,-63,-59,0,-64,0,0,0,-61,0,0,0,0,-61,-59,0,0,0,0,0,0,0,-82,0,0,-84,0,-61,0,-61,0,0,-76,-64,-71,-71,-84,0,-78,0,-80,0,0,-62,-83,0,0,-84,-64,0,0,0,-84,0,0,-75,-71,-71,-68,0,0,0,-61,0,-86,-83,0,-79,0,-85,0
5,10,1,0,0,-80,0,-69,-59,0,0,-79,-83,-81,-83,0,0,-69,0,0,-75,-66,-66,0,-59,0,-69,-58,0,-69,0,0,0,-66,0,0,0,0,-59,-59,0,0,0,0,0,0,0,-82,0,0,-84,0,-66,0,-66,0,0,-76,-68,-62,-76,-84,0,-73,0,-80,0,0,-59,-83,0,0,-89,-69,0,0,0,-84,0,0,-76,-71,-71,-78,0,0,0,-66,0,-86,-83,0,-79,0,-73,0
5,10,2,0,0,0,0,-70,-61,0,0,-80,-83,0,-80,0,0,-70,0,0,-75,-60,-60,0,-61,0,-71,-61,0,-70,0,0,0,-60,0,0,0,0,-61,-61,0,0,0,0,0,0,0,-82,0,0,-80,0,-60,-80,-61,0,0,-75,-70,-69,-76,-84,0,-73,0,0,0,0,-60,-81,0,0,-84,-69,0,0,0,-84,0,0,-75,-76,-75,-71,0,0,0,-60,0,-86,-83,0,-81,0,-79,0
6,10,0,0,0,-80,0,-55,-64,0,0,-76,-79,-78,-79,0,0,-56,-76,0,-67,-58,-58,0,-64,0,-55,-64,0,-56,0,0,0,-58,0,0,0,-76,-64,-64,0,0,0,0,0,0,0,-80,0,-80,-80,0,-58,-76,-58,0,0,-66,-56,-66,-68,-79,0,-62,0,0,0,0,-63,-76,0,0,-81,-56,0,0,0,-83,0,0,-67,-67,-67,-66,0,0,0,-57,0,-77,-83,0,-76,0,-79,0
6,10,1,0,0,-71,0,-71,-62,0,0,-73,-73,-71,-71,0,0,-71,-73,0,-67,-65,-64,0,-62,0,-71,-62,0,-71,0,0,0,-65,0,0,0,-73,-63,-63,0,0,0,0,0,0,0,-74,0,-74,0,0,-64,-73,-64,0,0,-76,-71,-65,-68,-73,0,-71,0,-71,0,0,-62,-74,0,0,-79,-71,0,-87,0,-73,0,0,-67,-67,-76,-59,0,0,0,-71,0,-71,-74,0,-73,0,-71,0
6,10,2,0,0,-77,0,-62,-67,0,0,-73,-79,-71,-71,0,0,-63,-81,0,-75,-62,-63,0,-67,0,-63,-66,0,-63,0,0,0,-62,0,0,0,-73,-66,-67,0,0,0,0,0,0,0,-74,0,-79,-77,0,-70,-75,-63,0,0,-75,-63,-71,-75,-83,0,-63,0,-71,0,0,-66,-76,0,0,-82,-62,0,-87,0,-80,0,0,-72,-75,-76,-64,0,0,0,-62,0,-77,-80,0,-75,0,-73,0
6,10,3,0,0,-77,0,-60,-73,0,0,-81,-79,-71,-71,0,0,-60,-81,0,-76,-61,-61,0,-73,0,-60,-66,0,-59,0,0,0,-61,0,0,0,-81,-72,-72,0,0,0,0,0,0,0,-80,0,-79,-74,0,-61,-81,-61,0,0,-75,-60,-72,-76,-79,0,-72,0,-71,0,0,-73,-81,0,0,-87,-59,0,0,0,-79,0,0,-75,-75,-76,-61,0,0,0,-61,0,-77,-79,0,-80,0,-77,0
7,10,0,0,0,-77,0,-64,-73,0,0,-74,-74,-64,-64,0,0,-65,-74,0,-76,-61,-61,0,-71,0,-65,-71,0,-64,0,0,0,-61,0,0,0,-75,-71,-67,0,0,0,0,0,0,0,-73,0,-74,-65,0,-61,-74,-61,0,0,-70,-64,-71,-76,-74,0,-72,0,-64,0,0,-71,-75,0,0,-77,-59,0,0,0,-74,0,0,-75,-70,-76,-64,0,0,0,-61,0,-77,-74,0,-74,-90,-69,0
7,10,1,0,0,-64,0,-66,-67,0,0,-74,-72,-63,-63,0,0,-67,-74,0,-74,-62,-62,0,-67,0,-67,-67,0,-67,0,0,0,-62,0,0,0,-74,-67,-66,0,0,0,0,0,0,0,-72,0,-72,-62,0,-62,-74,-62,0,0,-70,-67,-68,-74,-73,0,-69,0,-63,0,0,-67,-74,0,0,-72,-68,0,0,0,-74,0,0,-74,-70,0,-65,0,0,0,-62,0,-63,-73,0,-73,-90,-71,0
7,10,2,0,0,-74,0,-71,-69,0,0,-71,-78,-63,-63,0,0,-69,-72,0,-74,-68,-69,0,-69,0,-71,-69,0,-68,0,0,0,-68,0,0,0,-72,-68,-67,0,0,0,0,0,0,0,-77,0,-78,-73,0,-68,-72,-68,0,0,-74,-67,-80,-76,-78,0,-73,0,-63,0,0,-69,-72,0,0,-82,-68,0,0,0,-77,0,0,-74,-74,-76,-59,0,0,0,-69,0,-63,-78,0,-72,-90,-72,0
7,10,3,0,0,-68,0,-72,-71,0,0,-71,-77,-66,-63,0,0,-72,-72,0,-76,-61,-61,0,-72,0,-72,-73,0,-71,0,0,0,-61,0,0,0,-72,-72,-67,0,0,0,0,0,0,0,-76,0,-77,-68,0,-60,-72,-60,0,0,-74,-72,-65,-75,-77,0,-75,0,-63,0,0,-71,-72,0,0,-80,-73,0,0,0,-76,0,0,-75,-76,-76,-61,0,0,0,-61,0,-63,-77,0,-72,0,-73,0
8,10,0,0,0,-62,0,0,-71,0,0,-63,-64,-62,-63,0,0,-71,-65,0,-61,-69,-69,0,-71,0,-71,-71,0,-75,0,0,0,-70,0,0,0,-65,-71,-72,0,0,0,-87,0,0,0,-64,0,-65,-69,0,-69,-65,-69,0,0,-63,-70,0,-63,-64,0,-71,0,-68,0,0,-71,-65,0,-86,-72,-70,0,0,-88,-64,0,0,-63,-63,-63,-68,0,0,0,-69,0,-63,-64,0,-65,0,-78,0
8,10,1,0,0,-62,0,-64,-65,0,0,-67,-71,0,-76,0,0,-64,-67,0,-75,-74,-73,0,-65,0,-65,-67,0,-66,0,0,0,-73,0,0,0,-67,-66,-66,0,0,0,0,0,0,0,-71,0,-71,-69,0,-73,-67,-74,0,0,-63,-62,0,-75,-71,0,-67,0,-68,0,0,-65,-67,0,-86,-69,-65,0,0,0,-71,0,0,-63,-75,-75,-63,0,0,0,-74,0,-72,-71,0,-70,0,0,0
8,10,2,0,0,-73,0,-70,-73,0,0,-63,-58,0,-74,0,0,-71,-64,0,-79,-86,-85,0,-71,0,-70,-67,0,-66,0,0,0,-87,0,0,0,-63,-72,-73,0,0,0,0,0,0,0,-58,0,-58,-69,0,-84,-64,-86,0,0,-63,-72,-65,-76,-58,0,-77,0,-68,0,0,-73,-62,0,-86,-73,-70,0,0,0,-58,-84,0,-76,-76,-76,-61,0,0,0,-86,0,-72,-58,0,-63,0,0,0
8,10,3,0,0,-73,0,-65,-73,0,0,-65,-63,-64,-65,0,0,-65,-66,0,-73,-74,-74,0,-75,0,-65,-74,0,-65,0,0,0,-76,0,-87,0,-63,-74,-75,0,0,0,0,0,0,0,-63,0,-63,-65,0,-75,-65,-74,0,0,-75,-65,-65,-73,-63,0,-77,0,-65,0,0,-73,-66,0,-86,-73,-66,0,0,0,-64,-84,0,-75,-73,-73,-63,0,0,0,-73,0,-72,-62,0,-65,0,0,0
9,10,0,0,0,-60,0,-65,-74,0,-88,-73,-65,-61,-61,0,-82,-65,-75,0,-64,-78,-78,0,-73,0,-65,-74,0,-65,0,0,0,-78,0,-88,0,-74,-73,-78,0,0,0,0,0,0,0,-64,-81,-65,-60,0,-73,-75,-78,0,0,-64,0,-79,-65,-64,0,-75,0,-60,0,0,-74,-74,0,-86,-72,-65,0,0,0,-64,0,0,-64,-60,-64,-60,0,0,-81,-78,0,-61,-65,0,-74,0,-76,0
9,10,1,0,0,-60,0,-62,-74,0,0,-61,-58,-69,-69,0,-82,-62,-62,0,-69,-72,-72,0,-73,0,-62,-74,0,-61,0,0,0,-73,0,-88,0,-61,-74,0,0,0,0,0,0,0,0,-57,-86,-58,-60,0,-73,-75,-73,0,0,-67,-62,-75,-69,-57,0,-74,0,-67,0,0,-74,-61,0,-86,-69,-62,0,0,0,-57,0,0,-67,-69,-67,-60,0,0,-81,-72,0,-61,-57,0,-74,0,-76,0
9,10,2,0,0,-60,0,-71,-69,0,0,-67,-69,-71,-69,0,-82,-71,-70,0,-73,-72,-72,0,-73,0,-71,-69,0,-70,0,0,0,-72,0,-88,0,-68,-66,-66,0,0,0,0,0,0,0,-69,-86,-67,-71,0,-73,-67,-72,0,0,-67,-62,-85,-69,-69,0,-77,0,-71,0,0,-69,-67,0,-86,-78,-69,0,0,0,-69,0,0,-67,-69,-69,-71,0,0,-81,-73,0,-61,-69,0,-74,0,-76,0
9,10,3,0,0,-62,0,-73,-75,0,0,-64,-60,-61,-62,0,0,-74,-62,0,-65,-82,-71,0,-69,0,-73,-69,0,-73,0,0,0,-72,0,-88,0,-65,-74,-74,0,0,0,-92,0,0,0,-60,-86,-60,-61,0,-72,-64,-81,0,0,-65,-73,-80,-65,-59,0,-72,0,-62,0,0,-75,-65,0,-86,-74,-73,0,0,0,-61,0,0,-65,-64,-65,-59,0,0,0,-71,0,-62,-61,0,-65,0,-81,0
10,10,0,0,0,-62,0,-73,-73,0,0,-75,-70,-70,-69,0,0,-74,-76,0,-63,-75,-74,0,-69,0,-73,-69,0,-73,0,0,0,-74,0,-88,0,-75,-74,-74,0,0,0,-92,0,0,0,-70,0,-69,-70,0,-74,-75,-75,0,0,-63,-73,-77,-63,-70,0,-80,0,-71,0,0,-73,-65,0,-86,-68,-73,0,0,0,-69,0,0,-64,-63,-63,-59,0,0,0,-75,0,-62,-69,0,-75,0,-81,0
10,10,1,0,0,0,0,-72,-71,0,0,-69,-70,-66,-67,0,0,-73,-69,0,-63,-83,-74,0,-71,0,-73,-71,0,-72,0,0,0,-74,0,-88,0,-71,-69,-71,0,0,0,0,0,0,0,-70,0,-69,-67,0,-74,-69,-75,0,0,-63,-73,-81,-73,-70,0,-80,0,-67,0,0,-69,-71,0,-86,-68,-73,0,0,0,-70,-82,0,-74,-75,-74,-54,0,0,0,-75,0,-67,-70,0,-69,0,0,0
10,10,2,0,0,-70,0,-72,-69,0,0,-80,-70,-66,-70,0,0,-68,-79,0,-63,-83,-80,0,-71,0,-73,-71,0,-72,0,0,0,-74,0,-88,0,-84,-69,-69,0,0,0,0,0,0,0,-70,0,-70,-69,0,-81,-79,-75,0,0,-65,-72,-82,-64,-69,0,-82,0,-67,0,0,-70,-79,0,-86,-71,-73,0,0,0,-70,-83,0,-65,-64,-64,-61,0,0,0,-81,0,-71,-70,0,-79,0,-81,0
10,10,3,0,0,-71,0,-72,-75,0,0,-69,-68,-66,-71,0,0,-75,-65,0,-76,-77,-80,0,-71,0,-75,-74,0,-75,0,0,0,-76,0,-88,0,-65,-73,-73,0,0,0,0,0,0,0,-68,0,-67,-71,0,-81,-66,-77,0,0,-65,-76,-82,-76,-68,0,-82,0,-70,0,0,-75,-66,0,-86,-79,-73,0,0,0,-68,-81,0,-65,-64,-73,-64,0,0,0,-81,0,-71,-68,0,-65,0,-81,0
11,10,0,0,0,-63,0,-77,-77,0,0,-63,-64,-61,-72,0,0,-74,-63,0,-71,-80,-81,0,-77,0,-77,-76,0,-76,0,0,0,-84,0,-88,0,-63,-75,-77,0,0,0,0,0,0,0,-65,0,-64,-63,0,-83,-63,-81,0,0,-71,-76,-85,-72,-64,0,-75,0,-67,0,0,-75,-63,0,-86,-72,-77,0,0,0,-64,-81,0,-71,-72,-71,-59,0,0,0,-81,0,-71,-64,0,-62,0,-81,0
11,10,1,0,0,-71,0,-75,0,0,0,-64,-64,-71,-71,0,0,-76,-64,0,-71,-83,-81,0,-78,0,-77,0,0,-75,0,0,0,-83,0,-88,0,-64,0,-77,0,0,0,0,0,0,0,-64,0,-64,-71,0,-83,-63,-83,0,0,-71,-76,-85,-71,-64,0,-81,0,-71,0,0,-78,-64,0,-86,-72,-76,0,0,0,-64,0,0,-72,-72,-72,-58,0,0,0,0,0,-71,-64,0,-63,0,0,0
11,10,2,0,0,-71,0,-72,-71,0,0,-71,-69,-77,-71,0,0,-76,-71,0,-71,-78,-77,0,-78,0,-72,0,0,-73,0,0,0,-77,0,-88,0,-71,-77,-72,0,0,0,0,0,0,0,-68,0,-70,-71,0,-77,-71,-77,0,0,-71,-72,-83,-72,-69,0,-78,0,-77,0,0,-78,-71,0,-86,-73,-76,0,-89,0,-69,0,0,-72,-73,-73,-60,0,0,0,-77,0,-78,-70,0,-71,0,0,0
11,10,3,0,0,-65,0,-80,-71,0,0,-69,-72,-66,-66,0,0,-81,-69,0,-68,-78,-77,0,-81,0,-81,-80,0,-80,0,0,0,-85,0,-88,0,-69,-80,-81,0,0,0,0,0,0,0,-72,0,-71,-66,0,-77,-68,-84,0,0,-67,-80,-83,-68,-72,0,-85,0,-66,0,0,-78,-70,0,-86,-70,-76,0,-89,0,-71,0,0,-68,-68,-68,-68,0,0,0,-77,0,-66,-72,0,-67,0,0,0
12,10,0,0,0,-65,0,-80,-81,0,0,-69,-83,-66,-66,0,0,-85,-69,0,-63,-78,-77,0,-82,0,-85,-80,0,-85,0,0,0,-85,0,-88,0,-69,-80,-82,0,0,0,0,0,0,0,-83,0,-82,-66,0,-77,-69,-84,0,0,-63,-85,-82,-63,-72,0,-85,0,-66,0,0,0,-68,0,-86,-74,0,0,-89,0,-71,0,0,-63,-66,-64,-73,0,0,0,-77,0,-66,-83,0,-69,0,0,0
12,10,1,0,0,-72,0,-80,-79,0,0,-75,-75,-66,-66,0,0,-83,-75,0,-70,0,-77,0,-80,0,-83,0,0,-82,0,0,0,0,0,-88,0,-75,-80,-81,0,0,0,0,0,0,0,-75,0,-75,-72,0,0,-76,0,0,0,-72,-82,-82,-70,-75,0,0,0,-66,0,0,-80,-75,0,-86,-77,-83,0,0,0,-75,0,0,-71,-71,-71,-75,0,0,0,0,0,-73,-75,0,-75,0,0,0
12,10,2,0,0,-72,0,-72,-75,0,0,-74,-75,-70,-73,0,0,-83,-74,0,-66,0,-77,0,-74,0,-83,-75,0,-73,0,0,0,0,0,-88,0,-74,-75,-75,0,0,0,0,0,0,0,-78,0,-75,-73,0,0,-74,0,0,0,-66,-72,-82,-66,-75,0,-79,0,-73,0,0,-75,-74,0,-86,-76,-72,0,0,0,-74,0,0,-66,-66,-65,-74,0,0,0,0,0,-73,-75,0,-74,0,0,0
12,10,3,0,0,-71,0,-79,-75,0,0,-64,-71,-71,-71,0,0,-79,-64,0,-64,0,-77,0,-82,0,-79,-83,0,-78,0,0,0,0,0,-88,0,-64,-75,-82,0,0,0,0,0,0,0,-70,0,-71,-71,0,0,-64,0,0,0,-64,-78,-81,-64,-70,0,-85,0,-71,0,0,-75,-64,0,-86,-73,-78,0,0,0,-70,0,0,-64,-64,-64,-67,0,0,0,0,0,-70,-71,0,-64,0,0,0
13,10,0,0,0,-77,0,-84,0,0,0,-75,-79,-71,-70,0,0,-84,-74,0,-59,0,-77,0,-82,0,-83,0,0,-84,0,0,0,0,0,-88,0,-75,0,-85,0,0,0,0,0,0,0,-77,0,-78,-71,0,0,-75,0,0,0,-59,-84,-85,-59,-76,0,-84,0,-69,0,0,0,-74,0,-86,-75,-85,0,0,0,-76,-88,0,-59,-59,-59,-71,0,0,0,0,0,-70,-77,0,-75,0,0,0
13,10,1,0,0,-77,0,-84,0,0,0,-71,-76,-69,-72,0,0,-84,-72,0,-65,0,-82,0,-82,0,-78,-81,0,-84,0,0,0,0,0,-88,0,-71,-82,0,0,0,0,0,0,0,0,-76,0,-76,-71,0,0,-72,0,0,0,-65,-78,-74,-64,-76,0,0,0,-72,0,0,0,-72,0,-86,-76,-85,0,0,0,-76,0,0,-65,-64,-64,-67,0,0,0,-82,0,-70,-76,0,-71,0,0,0
13,10,2,0,0,-73,0,-84,-76,0,0,-77,-76,-69,-73,0,0,-79,-77,0,-65,0,-81,0,-76,0,-79,-76,0,-79,0,0,0,0,0,-88,0,-78,-77,-76,0,0,0,0,0,0,0,-80,0,-76,-73,0,-80,-78,0,0,0,-66,-79,-76,-66,-80,0,-87,0,-72,0,0,0,-80,0,-86,-76,-80,0,0,0,-79,0,0,-66,-66,-66,-70,0,0,0,-79,0,-70,-76,0,-79,0,0,0
13,10,3,0,0,-73,0,-87,-76,0,0,-77,-76,-69,-73,0,0,-79,-77,0,-63,0,-81,0,-76,0,-86,-76,0,-85,0,0,0,0,0,-88,0,-77,-77,-76,0,0,0,0,0,0,0,-80,0,-76,-71,0,-80,-78,0,0,0,-62,-79,-76,-62,-80,0,-86,0,-72,0,0,0,-78,0,-86,-76,-80,0,0,0,-84,0,0,-62,-62,-63,-66,0,0,0,-79,0,-70,-76,0,-77,0,0,0
14,10,0,0,0,0,0,-88,0,0,0,-69,0,-85,-83,0,0,0,-69,0,-56,0,-81,0,-76,0,-86,-85,0,-89,0,0,0,0,0,-88,0,-69,0,0,0,0,0,0,0,0,0,0,0,-86,-71,0,0,-69,0,0,0,-55,0,-85,-55,0,0,-86,0,-86,0,0,0,-69,0,-86,-71,0,0,0,0,-84,-78,0,-56,-56,-55,-74,0,0,0,0,0,-70,-76,0,-69,0,0,0
14,10,1,0,0,0,0,-83,0,0,0,-74,0,0,-86,0,0,-82,-74,0,-72,0,-81,0,-76,0,0,0,0,-82,0,0,0,0,0,-88,0,-74,0,0,0,0,0,0,0,0,0,0,0,-86,0,0,0,-74,0,0,0,-70,-82,0,-69,0,0,-86,0,-86,0,0,0,-76,0,-86,-64,-83,0,0,0,0,-74,0,-69,-70,-69,-76,0,0,0,0,0,-70,-76,0,-74,0,0,0
14,10,2,0,0,0,0,-84,0,0,0,-70,0,0,-86,0,0,-82,-70,0,-58,0,-81,0,-79,0,0,0,0,-82,0,0,0,0,0,-88,0,-70,0,0,0,0,0,0,0,0,0,0,0,0,0,0,0,-70,0,0,0,-58,-82,0,-59,0,0,-87,0,-86,0,0,0,-71,0,-86,-79,-84,0,0,0,0,-74,0,-58,-58,-59,-84,0,0,0,0,0,-70,-76,0,-70,0,0,0
14,10,3,0,0,0,0,-84,0,0,0,-69,0,-85,-86,0,0,-82,-68,0,-59,0,-81,0,-79,0,0,0,0,-82,0,0,0,0,0,-88,0,-69,0,0,0,0,0,0,0,0,0,0,0,0,0,0,0,-68,0,0,0,-59,-82,0,-60,0,0,-88,0,-86,0,0,0,-67,0,-86,-61,-84,0,0,0,0,-74,0,-59,-60,-61,-77,0,0,0,0,0,-70,-76,0,-69,0,0,0
15,10,0,0,0,0,0,-82,0,0,0,-68,0,-85,-86,0,0,-80,-68,0,-49,0,-81,0,-79,0,-82,0,0,-81,0,0,0,0,0,-88,0,-67,0,0,0,0,0,0,0,0,0,0,0,0,0,0,0,-80,0,0,0,-50,-81,0,-50,0,0,0,0,-88,0,0,0,-68,0,-86,-63,-81,0,0,0,0,-78,0,-49,-50,-50,-81,0,0,0,0,0,-86,-76,0,-81,0,0,0
15,10,1,0,0,0,0,-82,-86,0,0,-71,0,0,-86,0,0,-80,-70,0,-62,0,-81,0,-79,0,-82,0,0,-81,0,0,0,0,0,-88,0,-70,0,0,0,0,0,0,0,0,0,0,0,0,0,0,0,-70,0,0,0,-61,-81,0,-61,0,0,0,0,-87,0,0,0,-70,0,-86,-65,-81,0,0,0,0,-70,0,-61,-61,-61,-81,0,0,0,0,0,-86,-76,0,-70,0,0,0
15,10,2,0,0,0,0,-82,-86,0,0,-74,-84,0,-86,0,0,-81,-70,0,-56,0,-81,0,-79,0,-81,0,0,-81,0,0,0,0,0,-88,0,-70,0,0,0,0,0,0,0,0,0,0,0,-84,-86,0,0,-73,0,0,0,-57,-81,0,-57,0,0,0,0,-87,0,0,0,-70,0,-86,-71,-81,0,0,0,0,-80,0,-57,-57,-56,-77,0,0,0,0,0,-86,-76,0,-74,0,0,0
15,10,3,0,0,0,0,-87,-86,0,0,-65,-84,0,0,0,0,-81,-64,0,-54,0,-81,0,-79,0,-81,0,0,-86,0,0,0,0,0,-88,0,-64,0,0,0,0,0,0,0,0,0,0,0,-84,-88,0,0,-64,0,0,0,-55,-81,0,-54,0,0,0,0,-86,0,0,0,-64,0,-86,-61,-81,0,0,0,0,-72,0,-55,-54,-55,-84,0,0,0,0,0,-86,-76,0,-64,0,0,0
15,10,0,0,0,0,0,-82,0,0,0,-74,0,0,0,0,0,0,-74,0,-47,0,-81,0,-79,0,-84,0,0,-86,0,0,0,0,0,-88,0,-74,0,0,0,0,0,0,0,0,0,0,0,0,0,0,0,-74,0,0,0,-48,0,0,-49,0,0,-88,0,0,0,0,0,-74,0,0,-62,-82,0,0,0,0,-73,0,-48,-49,-49,-74,0,0,0,0,0,-86,-76,0,-74,0,0,0
15,10,1,0,0,-79,0,-82,0,0,0,-72,0,0,0,0,0,0,-72,0,-53,0,-81,0,-79,0,-84,0,0,-86,0,0,0,0,0,-88,0,-71,0,0,0,0,0,0,0,0,0,0,0,0,-84,0,0,-73,0,0,0,-53,0,-86,-54,0,0,-86,0,0,0,0,0,-72,0,0,-72,-82,0,0,0,0,-71,0,-53,-53,-53,-74,0,0,0,0,0,-86,-76,0,-72,0,0,0
15,10,2,0,0,-84,0,-83,0,0,0,-76,0,0,0,0,0,-83,-76,0,-59,0,-81,0,-79,0,-83,0,0,-86,0,0,0,0,0,-88,0,-76,0,0,0,0,0,0,0,0,0,0,0,0,-84,0,0,-75,0,0,0,-58,-82,-86,-59,0,0,-86,0,-84,0,0,-88,-75,0,0,-67,-84,0,0,0,0,-77,0,-58,-58,-58,-78,0,0,0,0,0,-86,-76,0,-76,0,0,0
15,10,3,0,0,-84,0,-87,0,0,0,-65,0,-84,0,0,0,-87,-65,0,-50,0,-81,0,-79,0,-86,0,0,-88,0,0,0,0,0,-88,0,-65,0,0,0,0,0,0,0,0,0,0,0,0,-86,0,0,-65,0,0,0,-51,-87,0,-51,0,0,-86,0,-86,0,0,-88,-65,0,0,-62,-87,0,0,0,0,-72,0,-51,-51,-50,-82,0,0,0,0,0,-86,-76,0,-65,0,0,0
16,10,0,0,0,-84,0,-87,0,0,0,-74,0,-84,0,0,0,-87,-75,0,-44,0,-81,0,-79,0,-86,0,0,-88,0,0,0,0,0,-88,0,-74,0,0,0,0,0,0,0,0,0,0,0,0,-86,0,0,-76,0,0,0,-42,-87,-84,-42,0,0,-86,0,-86,0,0,-88,-74,0,0,-74,-87,0,0,0,0,-68,0,-42,-42,-42,-83,0,0,0,0,0,-86,-76,0,-74,0,0,0
16,10,1,0,-89,-81,0,-79,0,0,0,-71,0,-84,0,0,0,-79,-71,0,-53,0,-81,0,-79,0,-79,0,0,-78,0,-88,0,0,0,-88,0,-71,-86,0,-89,0,0,0,0,0,0,0,0,0,0,0,0,-68,0,0,0,-53,-79,-84,-54,0,0,0,0,0,0,0,0,-71,0,0,-65,-79,0,0,0,0,-69,-88,-53,-54,-53,-78,0,0,0,0,0,-86,-76,0,-70,0,0,-88
16,10,2,0,-89,-85,0,-81,0,0,0,-73,0,0,0,0,0,-80,-73,0,-47,0,-81,0,-79,0,-80,0,0,-80,0,-89,0,0,0,-88,0,-72,-86,0,-89,0,0,0,0,0,0,0,0,0,0,0,0,-73,0,0,0,-46,-81,-85,-47,0,0,-89,0,0,0,0,0,-73,0,0,-76,-80,0,0,0,0,-69,-88,-47,-47,-46,-78,0,0,0,0,0,-86,-76,0,-73,0,0,-88
16,10,3,0,-89,-85,0,-81,0,0,0,-73,0,-86,-85,0,0,-80,-67,0,-51,0,-81,0,-79,0,-80,0,0,-80,0,-89,0,0,0,-88,0,-67,-86,0,-89,0,0,0,0,0,0,0,0,0,0,0,0,-67,0,0,0,-51,-81,-85,-51,0,0,-89,0,0,0,0,0,-67,0,0,-78,-80,0,0,0,0,-67,-88,-51,-51,-51,-78,0,0,0,0,0,-86,-76,0,-66,0,0,-88
17,10,0,0,0,0,0,-83,0,0,0,-71,0,-87,0,0,0,-83,-71,0,-36,0,0,0,0,0,-83,0,0,-84,0,0,0,0,0,0,0,-71,0,0,-88,0,0,0,0,-86,0,0,0,0,-84,0,0,-72,0,0,0,-37,-89,-85,-36,0,0,0,0,-86,0,0,0,-70,0,0,-73,-84,0,0,0,0,-67,-87,-36,-36,-35,-78,0,0,0,0,0,-81,0,0,-71,0,0,0
17,10,1,0,0,-87,0,0,0,0,0,-71,0,-87,0,0,0,-88,-71,0,-45,0,0,0,0,0,-89,0,0,-84,0,0,0,0,0,0,0,-71,0,0,-88,0,0,0,0,-86,0,0,0,0,0,0,0,-70,0,0,0,-45,-89,0,-45,0,0,0,0,-86,0,0,0,-70,0,0,-59,0,0,0,0,0,-63,-87,-45,-45,-45,-78,0,0,0,0,0,-81,0,-89,-70,0,0,0
17,10,2,0,0,-87,0,-82,0,0,0,-71,0,-87,0,0,0,-81,-71,0,-40,0,0,0,0,0,-81,0,0,-82,0,0,0,0,0,0,0,-70,0,0,-88,0,0,0,0,-86,0,0,0,0,0,0,0,-70,0,0,0,-42,-89,0,-41,0,0,0,0,-86,0,0,0,-70,0,0,-58,-83,0,0,0,0,-73,-87,-41,-41,-41,-88,0,0,0,0,0,-81,0,-88,-70,0,0,0
17,10,3,0,0,-87,0,-86,0,0,0,-70,0,0,-87,0,0,-86,-68,0,-41,0,0,0,0,0,-81,0,0,-86,0,0,0,0,0,0,0,-68,0,0,0,0,0,0,0,0,0,0,0,0,0,0,0,-68,0,0,0,-41,-86,0,-41,0,0,0,0,0,0,0,0,-68,0,0,-65,-82,0,0,0,0,-72,-88,-41,-41,-41,-89,0,0,0,0,0,-81,0,-88,-66,0,0,0
18,10,0,0,0,-81,0,-86,0,0,0,-79,0,-80,-87,0,0,-86,-78,0,-40,0,0,0,0,0,-81,-88,0,-86,0,0,0,0,-83,0,0,-78,0,0,0,0,0,0,0,0,0,0,0,0,-81,0,0,-68,0,0,0,-39,-86,0,-38,0,0,0,0,-80,0,0,0,-68,0,0,-73,-82,0,0,0,0,-75,-88,-40,-38,-38,-89,0,-82,0,0,0,-80,0,-88,-66,0,0,0
18,10,1,0,0,-81,0,0,0,0,0,-83,0,-80,-82,0,0,0,-83,0,-40,0,0,0,0,0,0,-88,0,-86,0,0,0,0,-83,0,0,-82,0,0,0,0,0,0,0,0,0,0,0,0,-80,0,0,-83,0,0,0,-39,0,0,-39,0,0,0,0,-81,0,0,0,-82,0,0,-64,0,0,0,0,0,-73,-88,-40,-39,-39,0,0,-82,0,0,0,-80,0,-86,-82,0,0,0
18,10,2,0,0,-81,0,-82,0,0,0,-74,0,-86,-86,0,0,-82,-83,0,-33,0,0,0,0,0,-82,-88,0,-81,0,0,0,0,-83,0,0,-75,0,0,0,0,0,0,0,0,0,0,0,0,-80,0,0,-83,0,0,0,-33,-83,-79,-33,0,0,0,0,-81,0,0,0,-75,0,0,-73,-81,-85,0,0,0,-73,-88,-32,-33,-33,-80,0,-82,0,0,0,-80,0,-86,-82,0,0,0
18,10,3,0,0,-81,0,-82,0,0,0,-78,0,-86,-86,0,0,-82,-83,0,-41,0,0,0,0,0,-82,0,0,-81,0,0,0,0,0,0,0,-75,0,0,0,0,0,0,0,0,0,0,0,0,-82,0,0,-77,0,0,0,-42,-83,-79,-41,0,0,0,0,-81,0,0,0,-75,0,0,-61,-81,-85,0,0,0,-76,-88,-41,-42,-42,-86,0,-82,0,0,0,-80,0,-82,-78,0,0,0