X,Y,D,e8:ba:70:92:aa:b5,e8:ba:70:92:c4:e1,dc:a5:f4:b8:73:83,e8:ba:70:c2:44:11,e8:ba:70:c2:44:34,e8:ba:70:61:25:52,58:35:d9:aa:c2:44,58:35:d9:aa:d5:e3,e8:ba:70:61:07:01,e8:ba:70:c2:4e:31,dc:a5:f4:b8:73:84,dc:a5:f4:b8:73:80,58:35:d9:aa:19:64,58:35:d9:aa:d5:e0,e8:ba:70:c2:44:33,e8:ba:70:61:07:00,58:35:d9:aa:c2:42,e8:ba:70:9c:c7:33,e8:ba:70:c2:41:90,e8:ba:70:c2:41:95,e8:ba:70:92:aa:b4,e8:ba:70:61:25:55,e8:ba:70:92:b3:24,e8:ba:70:c2:44:32,e8:ba:70:61:25:50,e8:ba:70:c2:44:14,e8:ba:70:c2:44:35,e8:ba:70:92:b3:20,e8:ba:70:92:c4:e0,c4:a8:1d:8d:6f:08,e8:ba:70:c2:41:92,e8:ba:70:c2:44:13,58:35:d9:aa:d5:e5,e8:ba:70:92:aa:b1,e8:ba:70:61:07:02,e8:ba:70:61:25:54,e8:ba:70:61:25:53,e8:ba:70:92:c4:e4,e8:ba:70:c2:44:12,58:35:d9:aa:c2:40,58:35:d9:aa:99:e0,e8:ba:70:92:b3:22,e8:ba:70:92:c4:e3,e8:ba:70:92:b3:23,e8:ba:70:c2:4e:30,58:35:d9:aa:d5:e2,e8:ba:70:c2:4e:33,dc:a5:f4:b8:73:81,58:35:d9:aa:c4:e0,e8:ba:70:c2:41:91,e8:ba:70:61:07:03,e8:ba:70:c2:41:94,e8:ba:70:92:aa:b3,58:35:d9:aa:99:e3,e8:ba:70:9c:c7:32,e8:ba:70:c2:44:31,14:dd:a9:70:cc:60,e8:ba:70:9c:c7:35,e8:ba:70:c2:4e:32,e8:ba:70:92:b3:25,30:f7:72:5c:ed:28,58:35:d9:aa:99:e1,dc:a5:f4:b8:73:82,e8:ba:70:92:aa:b0,58:35:d9:aa:99:e2,e8:ba:70:61:25:51,e8:ba:70:61:07:04,00:26:52:db:01:b0,58:35:d9:aa:99:e5,00:26:5a:41:4e:88,e8:ba:70:c2:44:30,e8:ba:70:c2:44:10,58:35:d9:aa:19:e0,58:35:d9:aa:99:e4,e8:ba:70:c2:4e:34,48:ee:0c:ee:27:e4,e8:ba:70:92:c4:e5,e8:ba:70:9c:c7:31,e8:ba:70:9c:c7:34,e8:ba:70:9c:c7:30,14:dd:a9:70:e7:40,e8:ba:70:92:aa:b2,e8:ba:70:c2:44:15,58:35:d9:aa:d5:e1,e8:ba:70:c2:41:93,e8:ba:70:92:b3:21,dc:a5:f4:b8:73:85,e8:ba:70:c2:4e:35,00:26:5a:41:4e:8a,e8:ba:70:61:07:05,58:35:d9:aa:d5:e4,00:19:5b:1f:fd:30,e8:ba:70:92:c4:e2
1,2,0,0,0,-74,0,0,-71,0,-74,0,0,-73,-65,0,-73,0,0,0,0,0,0,0,-71,0,0,-71,0,0,0,0,0,0,0,-74,0,0,-72,-71,0,0,0,0,0,0,0,0,-70,0,-63,0,0,0,0,0,0,0,0,0,0,0,0,0,0,-65,0,0,-72,0,0,0,0,0,0,0,0,0,0,0,0,0,0,0,0,0,-70,0,0,-64,0,0,0,-74,0,0
1,2,1,0,0,-71,0,0,0,0,0,0,0,-70,-71,0,0,0,0,0,0,0,0,0,-71,0,0,0,0,0,0,0,0,0,0,0,0,0,0,-71,0,0,0,0,0,0,0,0,-70,0,-70,0,0,0,0,0,0,0,0,0,0,0,0,0,0,-71,0,0,-72,0,0,0,0,0,0,0,0,0,0,0,0,0,0,0,0,0,0,0,0,-66,0,0,0,0,0,0
1,2,2,0,0,-73,0,0,-72,0,-71,0,0,-70,-74,0,0,0,0,0,0,0,0,0,-73,0,0,-73,0,0,0,0,0,0,0,0,0,0,-72,-72,0,0,0,0,0,0,0,0,-70,0,-70,0,0,0,0,0,0,0,0,0,0,0,0,0,0,-71,0,0,-72,0,0,0,0,0,0,0,0,0,0,0,0,0,0,0,0,0,-71,0,0,-66,0,0,0,0,0,0
1,2,3,0,0,-70,0,0,-73,0,-71,0,0,-70,-70,0,0,0,0,0,0,0,0,0,-74,0,0,-74,0,0,0,0,0,0,0,0,0,0,-73,-74,0,0,0,0,0,0,0,0,0,0,-70,0,0,0,0,0,0,0,0,0,0,0,0,0,0,-71,0,0,-74,0,0,0,0,0,0,0,0,0,0,0,0,0,0,0,0,0,-71,0,0,-66,0,0,0,0,0,0
2,2,0,0,0,-68,0,0,0,0,0,0,0,-69,-67,0,0,0,0,0,0,0,0,0,0,0,0,0,0,0,0,0,0,0,0,0,0,0,0,0,0,0,0,0,0,0,0,0,0,0,-67,0,0,0,0,0,0,0,0,0,0,0,0,0,0,-67,0,0,0,0,0,0,0,0,0,0,0,0,0,0,0,0,0,0,0,0,0,0,0,-67,0,0,0,0,0,0
2,2,1,0,0,-64,0,0,0,0,0,0,0,-65,-65,0,0,0,0,0,0,0,0,0,0,0,0,0,0,0,0,0,0,0,0,0,0,0,0,-74,0,0,0,0,0,0,0,0,0,0,-65,0,0,0,0,0,0,0,0,0,0,0,0,0,0,-64,0,0,-74,0,0,0,0,0,0,0,0,0,0,0,0,0,0,0,0,0,0,0,0,-65,0,0,0,0,0,0
2,2,2,0,0,-72,0,0,0,0,-73,0,0,-65,-72,0,-73,0,0,0,0,0,0,0,0,0,0,0,0,0,0,0,0,0,0,-74,0,0,0,-74,0,0,0,0,0,0,0,0,-73,0,-71,0,0,0,0,0,0,0,0,0,0,0,0,0,0,-64,0,0,-74,0,0,0,0,0,0,0,0,0,0,0,0,0,0,0,0,0,-73,0,0,-65,0,0,0,-73,0,0
2,2,3,0,0,-69,0,0,-70,0,0,0,0,-69,-68,0,-73,0,0,0,0,0,0,0,-70,0,0,-70,0,0,0,0,0,0,0,0,0,0,-69,-70,0,0,0,0,0,0,0,0,-73,0,-69,0,0,0,0,0,0,0,0,0,0,0,0,0,0,-69,0,0,-68,0,0,0,0,0,0,0,0,0,0,0,0,0,0,0,-74,0,-73,0,0,-65,0,0,0,-73,0,0
3,2,0,-73,0,-67,0,0,0,0,0,0,0,-67,-67,0,0,0,0,0,0,0,0,0,0,0,0,0,0,0,0,0,0,0,0,0,0,0,0,0,0,0,0,0,0,0,0,0,0,0,-67,0,0,0,0,-74,0,0,0,0,0,0,0,0,0,-67,-73,0,0,0,0,0,0,0,0,0,0,0,0,0,0,0,0,0,-74,0,-73,0,0,-67,0,0,0,0,0,0
3,2,1,0,0,-67,0,0,-74,0,-74,0,0,-67,-67,0,0,0,0,0,0,0,0,0,-74,0,0,-73,0,0,0,0,0,0,0,-74,0,0,-73,-74,0,0,0,0,0,0,0,0,0,0,-67,0,0,0,0,0,0,0,0,0,0,0,0,0,0,-67,0,0,-73,0,0,0,0,0,0,0,0,0,0,0,0,0,0,0,0,0,-73,0,0,-67,0,0,0,0,0,0
3,2,2,0,0,-63,0,0,0,0,-74,0,0,-63,-64,0,0,0,0,0,0,0,0,0,0,0,0,0,0,0,0,0,0,0,0,0,0,0,0,0,0,0,0,0,0,0,0,0,0,0,-63,0,0,0,0,0,0,0,0,0,0,0,0,0,0,-63,0,0,0,0,0,0,0,0,0,0,0,0,0,0,0,0,0,0,0,0,-73,0,0,-73,0,0,0,0,0,0
3,2,3,-72,0,-66,0,0,0,0,-74,0,0,-67,-67,0,0,0,0,0,0,0,0,-72,0,0,0,0,0,0,0,0,0,0,0,0,-73,0,0,0,0,0,0,0,0,0,0,0,0,0,-67,0,0,0,0,-74,0,0,0,0,0,0,0,0,0,-67,-73,0,0,0,0,0,0,0,0,0,0,0,0,0,0,0,0,0,-72,0,-73,0,0,-67,0,0,0,0,0,0
4,2,0,0,0,-69,0,0,0,0,0,0,0,-68,-68,0,0,0,0,0,0,0,0,0,0,0,0,0,0,0,0,0,0,0,0,-74,0,0,0,0,0,0,0,0,0,0,0,0,0,0,-67,0,0,0,0,0,0,0,0,0,0,0,0,0,0,-69,0,0,0,0,0,0,0,0,0,0,0,0,0,0,0,0,0,-74,0,0,0,0,0,-69,0,0,0,0,0,0
4,2,1,0,0,-65,0,0,0,0,-73,0,0,-65,-65,0,-74,0,0,0,0,0,0,0,0,0,0,0,0,0,0,0,0,0,0,-73,0,0,0,0,0,0,0,0,0,0,0,0,-74,0,-65,0,0,0,0,0,0,0,0,0,0,0,0,0,0,-65,0,0,0,0,0,0,0,0,0,0,0,0,0,0,0,0,0,0,0,0,0,0,0,-65,0,0,0,-73,0,0
4,2,2,0,0,-65,0,0,-73,0,0,0,0,-70,-69,0,0,0,0,0,0,0,0,0,-73,0,0,-73,0,0,0,0,0,0,0,0,0,0,-73,-73,0,0,0,0,0,0,0,0,-74,0,-65,0,0,0,0,0,0,0,0,0,0,0,0,0,0,-68,0,0,-73,0,0,0,0,0,0,0,0,0,0,0,0,0,0,0,0,0,0,0,0,-65,0,0,0,-73,0,0
4,2,3,0,0,-66,0,0,-70,0,0,0,0,-67,-65,0,0,0,0,0,0,0,0,0,-70,0,0,-70,0,0,0,0,0,0,0,0,0,0,-70,-70,0,0,0,0,0,0,0,0,-74,0,-64,0,0,0,0,0,0,0,0,0,0,0,0,0,0,-65,0,0,-70,0,0,0,0,0,0,0,0,0,0,0,0,0,0,0,-74,0,0,0,0,-65,0,0,0,-73,0,0
5,2,0,0,0,-65,0,0,0,0,0,-74,0,-74,-65,0,0,0,0,0,0,0,0,0,0,0,0,0,0,0,0,0,0,0,0,0,0,-74,0,0,0,0,0,0,0,0,0,0,0,0,-63,0,0,-74,0,0,0,0,0,0,0,0,0,0,0,-65,0,0,0,-74,0,0,0,0,0,0,0,0,0,0,0,0,0,-74,0,0,0,0,0,-65,0,0,0,0,0,0
5,2,1,0,0,-68,0,0,-69,0,0,-74,0,-68,-68,0,0,0,0,0,0,0,0,0,-70,0,0,-69,0,0,0,0,0,0,0,0,0,0,-70,-70,0,0,0,0,0,0,0,0,0,0,-69,0,0,-74,0,0,0,0,0,0,0,0,0,0,0,-68,0,0,-69,-74,0,0,0,0,0,0,0,0,0,0,0,0,0,0,0,0,0,0,0,-65,0,0,0,0,0,0
5,2,2,0,0,-63,0,0,-70,0,0,-74,0,-63,-63,0,0,0,0,0,0,0,0,0,-71,0,0,-70,0,0,0,0,0,0,0,0,0,0,-71,-71,0,0,0,0,0,0,0,0,0,0,-63,0,0,-74,0,0,0,0,0,0,0,0,0,0,0,-63,0,0,-70,-74,0,0,0,0,0,0,0,0,0,0,0,0,0,-73,0,0,0,0,0,-63,0,0,0,0,0,0
5,2,3,0,0,-67,0,0,-68,0,0,0,0,-67,-67,0,0,0,0,0,0,0,0,0,-69,0,0,-68,0,0,0,0,0,0,0,0,0,0,-69,-69,0,0,0,0,0,0,0,0,0,0,-67,0,0,0,0,0,0,0,0,0,0,0,0,0,0,-67,0,0,-68,0,0,0,0,0,0,0,0,0,0,0,0,0,0,-74,0,0,0,0,0,-67,0,0,0,0,0,0
6,2,0,0,0,-69,0,0,0,0,0,-71,0,-70,-68,0,0,0,-72,0,0,0,0,0,0,0,0,0,0,0,0,0,0,0,0,0,0,-73,0,0,0,0,0,0,0,0,0,0,0,0,-66,0,0,-71,0,0,0,0,0,0,0,0,0,0,0,-69,0,0,0,-72,0,0,0,0,0,0,0,0,0,0,0,0,0,-70,0,0,0,0,0,-68,0,0,-72,0,0,0
6,2,1,0,0,-66,0,0,0,0,0,-69,0,-67,-67,0,0,0,-69,0,0,0,0,0,0,0,0,0,0,0,0,0,0,0,0,0,0,-69,0,0,0,0,0,0,0,0,0,0,0,0,-66,0,0,-70,0,0,0,0,0,0,0,0,0,0,0,-66,0,0,0,-70,0,0,0,0,0,0,0,0,0,0,0,0,0,-57,0,0,0,0,0,-67,0,0,-69,0,0,0
6,2,2,0,0,-63,0,0,0,0,0,0,0,-63,-61,0,0,0,-69,0,0,0,0,0,0,0,0,0,0,0,0,0,0,0,0,0,0,-69,0,0,0,0,0,0,0,0,0,0,0,0,-63,0,0,0,0,0,0,0,0,0,0,0,0,0,0,-62,0,0,0,-70,0,0,0,0,0,0,0,0,0,0,0,0,0,-63,0,0,0,0,0,-61,0,0,-69,0,0,0
6,2,3,0,0,-63,0,0,0,0,0,-73,0,-61,-62,0,0,0,0,0,0,0,0,0,0,0,0,0,0,0,0,0,0,0,0,0,0,0,0,0,0,0,0,0,0,0,0,0,0,0,-62,0,0,-74,0,0,0,0,0,0,0,0,0,0,0,-62,0,0,0,0,0,0,0,0,0,0,0,0,0,0,0,0,0,-66,0,0,0,0,0,-62,0,0,-73,0,0,0
7,2,0,-73,0,-64,0,0,0,0,0,0,0,-65,-67,0,0,0,-74,0,0,0,0,-74,0,0,0,0,0,0,0,0,0,0,0,0,-74,0,0,0,0,0,0,0,0,0,0,0,0,0,-62,0,0,-74,0,-74,0,0,0,0,0,0,0,0,0,-62,-73,0,0,0,0,0,0,0,0,0,0,0,0,0,0,0,0,-67,-73,0,0,0,0,-62,0,0,-74,0,0,0
7,2,1,-73,0,-64,0,0,0,0,0,-73,0,-63,-64,0,0,0,-73,0,0,0,0,-74,0,0,0,0,0,0,0,0,0,0,0,0,-74,-73,0,0,0,0,0,0,0,0,0,0,0,0,-63,0,0,-74,0,-74,0,0,0,0,0,0,0,0,0,-64,-73,0,0,-73,0,0,0,0,0,0,0,0,0,0,0,0,0,-69,-73,0,0,0,0,-63,0,0,-74,0,0,0
7,2,2,0,0,-64,0,0,0,0,0,-74,0,-68,-67,0,0,0,-71,0,0,0,0,0,0,0,0,0,0,0,0,0,0,0,0,0,0,-71,0,0,0,0,0,0,0,0,0,0,0,0,-67,0,0,-71,0,0,0,0,0,0,0,0,0,0,0,-64,-73,0,0,-71,0,0,0,0,0,0,0,0,0,0,0,0,0,-65,0,0,0,0,0,-68,0,0,-71,0,0,0
7,2,3,0,0,-61,0,0,0,0,0,-73,0,-63,-61,0,0,0,-73,0,0,0,0,0,0,0,0,0,0,0,0,0,0,0,0,0,0,-74,0,0,0,0,0,0,0,0,0,0,0,0,-61,0,0,-74,0,0,0,0,0,0,0,0,0,0,0,-61,0,0,0,-74,0,0,0,0,0,0,0,0,0,0,0,0,0,-69,0,0,0,0,0,-68,0,0,-73,0,0,0
8,2,0,-72,0,-53,0,0,0,0,-71,-66,-68,-53,-53,0,-70,0,-65,0,-61,0,0,-72,-74,0,0,0,0,0,0,0,0,0,0,-70,-72,-59,0,0,0,0,0,0,0,0,0,-68,0,-68,-54,0,0,-66,0,-72,0,-61,0,0,-59,-68,0,0,0,-52,-72,0,0,-63,0,0,-74,-72,0,0,0,-68,-67,0,-61,-61,-60,-60,-72,0,-70,0,0,-57,-68,0,-66,0,0,0
8,2,1,-72,0,-51,0,-74,0,0,-71,-63,-70,-50,-51,0,-70,-74,-63,0,0,0,0,-72,-74,0,-73,0,0,-74,0,0,0,0,0,0,-72,-64,0,0,0,0,0,0,0,0,0,-71,0,-70,-51,0,0,-64,0,-72,0,0,-74,0,0,-71,0,0,0,-51,-72,0,0,-63,0,0,0,-74,0,0,0,-71,0,0,0,-61,-60,-65,-72,0,0,0,0,-51,-71,0,-63,0,0,0
8,2,2,-72,0,-57,0,0,0,0,0,-64,0,-57,-58,0,0,0,-64,0,-73,-74,-74,0,-74,0,0,0,0,0,0,0,0,-74,0,0,-72,-65,0,0,0,0,0,0,0,0,0,0,0,0,-56,0,0,-64,-74,0,0,-73,0,0,-73,0,0,0,0,-58,0,0,0,-65,0,0,0,-74,0,0,0,0,-71,0,-73,-71,-71,-72,0,0,0,-74,0,-56,0,0,-65,0,0,0
8,2,3,-72,0,-54,0,-71,0,0,0,-64,-66,-53,-55,0,0,-71,-65,0,-65,-68,-68,0,0,0,-70,0,0,-70,0,0,0,-68,0,0,0,-65,0,0,0,0,0,0,0,0,0,-65,0,-66,-55,0,0,-66,-68,0,0,-65,-70,0,-65,-65,0,0,0,-55,0,0,0,-65,0,0,0,-70,0,0,0,-65,-71,0,-64,-65,-65,-68,0,0,0,-68,0,-53,-66,0,-64,0,0,0
9,2,0,-73,0,-54,0,0,-68,0,0,-70,-70,-53,-47,0,0,0,-69,0,-74,-67,-68,-72,-69,0,0,-69,0,0,0,0,0,-70,0,0,-73,-65,-69,-69,0,0,0,0,0,0,0,-71,0,-71,-53,0,-71,-69,-71,-73,0,-74,0,0,-74,-71,0,0,0,-53,-72,0,-69,0,0,0,-72,0,0,0,0,-69,-71,0,-74,-74,0,-61,0,0,0,-69,0,-53,-69,0,-69,0,0,0
9,2,1,-73,0,-52,0,0,0,0,0,-73,-64,-51,-52,0,-70,0,-71,0,-74,-72,-73,-72,-69,0,0,0,0,0,0,0,0,-72,0,0,-73,-72,0,-69,0,0,0,0,0,0,0,-65,0,-65,-51,0,-73,-72,-72,-73,0,-74,0,0,-74,-64,0,0,0,-51,-72,0,-69,-72,0,0,-70,0,0,0,0,-65,-73,0,-74,-74,0,-49,0,0,0,-72,0,-52,-65,0,-71,0,0,0
9,2,2,-73,0,-52,0,0,0,0,0,-73,-72,-52,-51,0,-70,0,-71,0,0,0,-73,0,0,0,0,0,0,0,0,0,0,0,0,0,0,-72,0,0,0,0,0,0,0,0,0,-72,0,-73,-53,0,0,-72,0,0,0,0,0,0,0,-72,0,0,0,-53,0,0,0,-72,0,0,-73,0,0,0,0,-73,0,0,0,0,0,-62,0,0,0,-72,0,-52,-72,0,-71,0,0,0
9,2,3,-73,0,-51,0,-73,-73,0,0,-62,-64,-50,-50,0,-70,-73,-61,0,-64,-67,-67,0,-74,0,-74,-74,0,-73,0,0,0,-67,0,0,0,-62,-73,0,0,0,0,0,0,0,0,-64,0,-64,-50,0,-67,-65,-67,0,0,-65,-73,0,-67,-72,0,0,0,-48,0,0,-73,-62,0,0,-73,-73,0,0,0,-65,0,0,-67,-66,-67,-47,0,0,0,-67,0,-51,-64,0,-62,0,0,0
10,2,0,0,0,-52,0,-71,0,0,0,-68,-69,-52,-51,0,0,0,-69,0,0,-61,-60,-70,-71,0,-71,-72,0,-71,0,0,0,-61,0,0,0,-68,0,-74,0,0,0,0,0,0,0,-68,0,-69,-51,0,-61,-67,-60,0,0,-73,-71,0,0,-69,0,0,0,-52,-71,0,-74,-68,0,0,-68,-71,0,0,0,-70,0,0,0,-74,-73,-59,0,0,0,-60,0,-51,-69,0,-68,0,0,0
10,2,1,0,0,-51,0,-70,0,0,0,-67,-69,-52,-51,0,0,-70,-66,0,0,-60,-60,0,0,0,-71,-72,0,-70,0,0,0,-61,0,0,0,-66,0,0,0,0,0,0,0,0,0,-69,0,-69,-50,0,-61,-66,-60,0,0,-73,-69,0,-74,-69,0,0,0,-52,-71,0,0,-65,0,0,-70,-71,0,0,0,-65,0,0,0,-74,-74,-57,0,0,0,-60,0,-51,-69,0,-67,0,0,0
10,2,2,-74,0,-53,0,-71,0,0,0,-65,-68,-52,-52,0,0,-71,-64,0,-73,-58,-58,0,0,0,-71,0,0,-71,0,0,0,-58,0,0,0,-65,0,0,0,0,0,0,0,0,0,-67,0,-67,-52,0,-58,-64,-58,0,0,-72,-71,-71,-73,-68,0,0,0,-51,-71,0,-71,-64,0,0,-70,-71,0,0,0,-67,0,0,-73,-74,-74,-49,0,0,0,-58,0,-53,-68,0,-64,0,0,0
10,2,3,-74,0,-51,0,-57,-72,0,-72,-65,-71,-52,-52,0,-74,-57,-62,0,-73,-52,-56,0,0,0,-57,-72,0,-57,0,0,0,-52,0,-74,0,-62,-73,-72,0,0,0,0,0,0,0,-71,0,-67,-51,0,-52,-62,-52,0,0,-70,-57,-73,-71,-71,0,-74,0,-52,0,0,-71,-62,0,0,-71,-57,0,0,0,-70,0,0,-73,-70,-70,-45,0,0,0,-52,0,-52,-69,0,-62,-74,0,0
11,2,0,-69,0,-51,0,0,0,0,-72,-59,0,-73,-72,0,-71,0,-59,0,0,-70,-70,-69,0,0,0,0,0,0,0,0,0,-70,0,-74,0,-59,0,-72,0,0,0,0,0,0,0,-71,0,0,-51,0,-70,-59,-70,-69,0,0,-57,0,0,-71,0,-74,0,-72,-69,0,0,-58,0,0,-71,0,0,0,0,0,0,0,0,0,0,-58,-69,0,-72,-70,0,-71,-69,0,-59,-72,0,0
11,2,1,0,0,-70,0,-73,0,0,0,-71,-73,-71,-72,0,-71,-74,-69,0,0,-61,-61,-69,0,0,-73,0,0,-74,0,0,0,-60,0,0,0,-69,-74,0,0,0,0,0,0,0,0,-73,0,-73,-71,0,-60,-69,-61,0,0,0,0,0,0,-72,0,0,0,-72,-69,0,-74,-69,0,0,-72,-74,0,0,0,-72,0,0,0,0,0,-72,0,0,-72,-60,0,-71,-73,0,-69,0,0,0
11,2,2,0,0,-71,0,-74,0,0,-74,-67,0,-70,-71,0,0,-74,-68,0,0,-73,-72,0,0,0,0,0,0,-74,0,0,0,-73,0,0,0,-69,0,0,0,0,0,0,0,0,0,0,0,0,-70,0,-72,-68,-73,0,0,0,-74,0,0,0,0,0,0,-70,0,0,-74,-69,0,0,-70,-74,0,0,0,-74,0,0,0,0,0,-62,0,0,-74,-72,0,-61,0,0,-69,0,0,0
11,2,3,0,0,-64,0,0,0,0,-74,-71,-74,-63,-64,0,0,0,-70,0,0,-65,-65,0,0,0,0,0,0,-74,0,0,0,-65,0,0,0,-70,0,0,0,0,0,0,0,0,0,-74,0,0,-63,0,-65,-71,-65,0,0,0,0,0,0,-70,0,0,0,-63,0,0,0,-70,0,0,-73,0,0,0,0,-74,0,0,0,0,0,-56,0,0,-74,-65,0,-61,0,0,-70,0,0,0
12,2,0,-73,0,-64,0,0,0,0,-74,0,0,-64,-64,0,0,0,0,0,0,-65,-65,0,0,0,0,0,0,0,0,0,0,-65,0,0,-73,0,0,0,0,0,0,0,0,0,0,0,0,0,-63,0,-65,0,-65,-72,0,0,0,0,0,-70,0,0,0,-64,-73,0,0,0,0,0,-66,0,0,0,0,-74,0,0,0,0,0,-67,-73,0,-74,-65,0,-61,0,0,0,0,0,0
12,2,1,-73,0,-58,0,0,0,0,-73,0,0,-59,-58,0,0,0,0,0,0,0,0,0,0,0,0,0,0,0,0,0,0,0,0,-71,-73,0,0,0,0,0,0,0,0,0,0,0,0,0,-58,0,0,0,0,-72,0,0,0,0,0,0,0,0,0,-58,-73,0,0,0,0,0,0,0,0,0,0,0,0,0,0,0,0,-69,-73,0,-71,0,0,-58,0,0,0,0,0,0
12,2,2,-73,0,-65,0,0,0,0,-73,0,-73,-65,-58,0,0,0,-66,0,0,-73,-73,0,0,0,0,0,0,0,0,0,0,0,0,-71,-73,-66,0,0,0,0,0,0,0,0,0,-73,0,-70,-63,0,-74,-67,-73,-72,0,0,0,0,0,-73,0,0,0,-64,-73,0,0,-66,0,0,0,0,0,0,0,-73,0,0,0,0,0,-72,-73,0,0,-74,0,-65,-73,0,-66,0,0,0
12,2,3,0,0,-65,0,0,0,0,0,0,0,-63,-63,0,0,0,-68,0,0,0,0,-71,0,0,0,0,0,0,0,0,0,0,0,-71,0,0,0,0,0,0,0,0,0,0,0,0,0,0,-63,0,0,0,0,0,0,0,0,0,0,0,0,0,0,-64,0,0,0,0,0,0,-73,0,0,0,0,0,0,0,0,0,0,-70,0,0,0,0,0,-63,0,0,0,0,0,0
12,2,3,-72,0,-57,0,0,0,0,0,-73,0,-57,-57,0,0,0,0,0,0,0,0,-72,0,0,0,0,0,0,0,0,0,0,0,0,-73,0,0,0,0,0,0,0,0,0,0,0,0,0,-58,0,0,-73,0,-72,0,0,0,0,0,0,0,0,0,-59,0,0,0,0,0,0,-71,0,0,0,0,0,0,0,0,0,0,-67,-73,0,0,0,0,-58,0,0,0,0,0,0
13,2,0,-71,0,-62,0,0,0,0,0,-74,0,-63,-63,0,0,0,-73,0,0,0,0,-71,0,0,0,0,0,0,0,0,0,0,0,0,-71,-74,0,0,0,0,0,0,0,0,0,0,0,0,-63,0,0,-73,0,-71,0,0,0,0,0,0,0,0,0,-62,-69,0,0,-73,0,0,-65,0,0,0,0,0,0,0,0,0,0,-59,-71,0,0,0,0,-63,0,0,0,0,0,0
13,2,1,0,0,-57,0,0,0,0,0,-72,0,-57,-57,0,0,0,-72,0,0,0,0,-71,0,0,0,0,0,0,0,0,0,0,0,0,-71,-70,0,0,0,0,0,0,0,0,0,0,0,0,-57,0,0,-72,0,-71,0,0,0,0,0,0,0,0,0,-57,-69,0,0,-70,0,0,0,0,0,0,0,0,0,0,0,0,0,-59,-71,0,0,0,0,-56,0,0,-72,0,0,0
13,2,2,0,0,-68,0,0,0,0,0,-73,0,-66,-65,0,0,0,0,0,0,-74,-73,0,0,0,0,0,0,0,0,0,0,-73,0,0,0,0,0,0,0,0,0,0,0,0,0,0,0,0,-59,0,-74,-74,-73,0,0,0,0,0,0,0,0,0,0,-60,0,0,0,0,0,0,0,0,0,0,0,0,0,0,0,0,0,-66,0,0,0,-74,0,-60,0,0,-74,0,0,0
13,2,3,0,0,-61,0,0,0,0,0,0,0,-61,-61,0,0,0,0,0,0,-74,-73,-74,0,0,0,0,0,0,0,0,0,0,0,0,-73,0,0,0,0,0,0,0,0,0,0,0,0,-74,-61,0,0,0,0,-73,0,0,0,0,0,0,0,0,0,-61,-73,0,0,0,0,0,0,0,0,0,0,0,0,0,0,0,0,-66,-73,0,0,-74,0,-61,0,0,0,0,0,0
14,2,0,-71,0,-61,0,0,0,0,0,-73,0,-61,-69,0,0,0,0,0,-68,-74,-73,-70,0,0,0,0,0,0,0,0,0,0,0,0,-71,-73,0,0,0,0,0,0,0,0,0,0,0,0,-61,0,0,-73,0,-73,0,-68,0,0,-67,0,0,0,0,-67,-70,0,0,-73,0,0,-67,0,0,0,0,0,0,0,-68,-68,-67,-66,-71,0,0,-74,0,-61,0,0,-72,0,0,0
14,2,1,0,0,-67,0,0,0,0,0,-73,0,-61,-69,0,0,0,-73,0,-68,0,-73,0,0,0,0,0,0,0,0,0,0,0,0,0,0,-72,0,0,0,0,0,0,0,0,0,0,0,0,-69,0,0,-73,0,0,0,-69,0,0,-68,0,0,0,0,-67,0,0,0,-72,0,0,-60,0,0,0,0,0,0,0,-68,-68,-69,-73,0,0,0,0,0,-61,0,0,-73,0,0,0
14,2,2,0,0,-74,0,0,0,0,0,-67,0,-72,-73,0,0,0,-66,0,-65,0,-73,0,0,0,0,0,0,0,0,0,0,0,0,0,0,-65,0,0,0,0,0,0,0,0,0,-74,0,0,-74,0,0,-67,0,0,0,-67,0,0,-66,-74,0,0,0,-73,0,0,0,-66,0,0,-61,0,0,0,0,0,0,0,-66,-66,-66,-67,0,0,0,0,0,-61,-74,0,-67,0,0,0
14,2,3,-73,0,-67,0,0,0,0,0,-65,0,-65,-66,0,0,0,-65,0,-58,0,0,-73,0,0,0,0,0,0,0,0,0,0,0,0,-72,-65,0,0,0,0,0,0,0,0,0,0,0,0,-62,0,0,-64,0,-72,0,-58,0,0,-59,0,0,0,0,-64,-73,0,0,-64,0,0,-67,0,0,0,0,0,0,0,-58,-58,-58,0,-73,0,0,0,0,-65,0,0,-65,0,0,0
15,2,1,-72,0,-69,0,0,0,0,0,-68,0,-64,-64,0,0,0,-67,0,-73,0,0,-70,0,0,0,0,0,0,0,0,0,0,0,0,-69,-68,0,0,0,0,0,0,0,0,0,0,0,0,-64,0,0,-67,0,-72,0,-72,0,0,-72,0,0,0,0,-66,-70,0,0,-67,-74,0,-58,0,0,0,0,0,0,0,-72,-72,-72,-74,-70,0,0,0,0,-63,0,-73,-67,0,0,0
15,2,2,0,0,-62,0,0,0,0,0,-65,0,-62,-62,0,0,0,-67,0,0,0,0,0,0,0,0,0,0,0,0,0,0,0,0,0,0,-67,0,0,0,0,0,0,0,0,0,0,0,0,-62,0,0,-67,0,0,0,0,0,0,0,0,0,0,0,-62,0,0,0,-66,-74,0,-47,0,0,0,0,0,0,0,0,0,0,-70,0,0,0,0,0,-62,0,0,-67,0,0,0
15,2,3,0,0,-69,0,0,0,0,0,0,0,-67,-69,0,0,0,0,0,0,0,0,0,0,0,0,0,0,0,0,0,0,0,0,0,0,0,0,0,0,0,0,0,0,0,0,0,0,0,-69,0,0,0,0,0,0,0,0,0,0,0,0,0,0,-69,0,0,0,0,-74,0,-52,0,0,0,0,0,0,0,0,0,0,-74,0,0,0,0,0,-69,0,0,0,0,0,0
15,2,0,0,0,-69,0,0,0,0,0,-69,0,-67,-69,0,0,0,-69,0,-73,0,0,0,0,0,0,0,0,0,0,0,0,0,0,0,0,-69,0,0,0,0,0,0,0,0,0,0,0,0,-69,0,0,-69,0,0,0,-73,0,0,-73,0,0,0,0,-72,0,0,0,-69,0,0,-59,0,0,0,0,0,0,0,-74,-73,-73,-74,0,0,0,0,0,-69,0,0,-70,0,0,0
16,2,1,0,0,-72,0,0,0,0,-72,-70,0,-67,-74,0,0,0,-70,0,0,0,0,0,0,0,0,0,0,0,0,0,0,0,0,-74,0,-69,0,0,0,0,0,0,0,0,0,0,0,0,-69,0,0,-69,0,0,0,0,0,0,0,0,0,0,0,-72,0,0,0,-69,0,0,-65,0,0,0,0,0,0,0,-74,0,0,0,0,0,0,0,0,-69,0,0,-70,0,0,0
16,2,2,0,0,0,0,0,0,0,-73,-70,0,-67,0,0,-73,0,-69,0,0,0,0,0,0,0,0,0,0,0,0,0,0,0,0,-73,0,-70,0,0,0,0,0,0,0,0,0,0,0,0,0,0,0,-70,0,0,0,0,0,0,0,0,0,0,0,-72,0,0,0,-69,0,0,-59,0,0,0,0,0,0,0,0,0,0,0,0,0,0,0,0,-69,0,0,-70,0,0,0
16,2,3,0,0,0,0,0,0,0,0,-73,0,-74,-74,0,-73,0,-73,0,0,0,0,0,0,0,0,0,0,0,0,0,0,0,0,-73,0,-70,0,0,0,0,0,0,0,0,0,0,0,0,0,0,0,-73,0,0,0,0,0,0,0,0,0,0,0,0,0,0,0,-74,0,0,-58,0,0,0,0,0,0,0,0,0,0,0,0,0,0,0,0,0,0,-73,-74,0,0,0
16,2,0,-73,0,-74,0,0,0,0,0,-70,0,-74,-74,0,-73,0,-70,0,0,0,0,-72,0,0,0,0,0,0,0,0,0,0,0,-73,-74,-70,0,0,0,0,0,0,0,0,0,0,0,0,0,0,0,-70,0,-73,0,0,0,0,0,0,0,0,0,0,-74,0,0,-70,0,0,-61,0,0,0,0,0,0,0,0,0,0,0,-73,0,0,0,0,0,0,-73,-70,0,0,0
17,2,0,-68,0,0,-70,0,0,0,0,0,0,0,0,0,0,0,0,0,0,0,0,-67,0,0,0,0,-71,0,0,0,0,0,-71,0,-68,0,0,0,0,-70,0,0,0,0,0,0,0,0,0,0,0,0,0,-67,0,0,0,0,0,0,0,0,0,0,-67,0,0,0,0,0,-69,0,-71,0,0,0,0,0,0,-74,0,0,-67,-70,0,0,0,0,0,-73,0,0,0,0
17,2,1,0,0,0,-70,0,0,0,0,-73,0,0,0,0,0,0,-69,0,-66,0,0,0,0,0,0,0,0,0,0,0,0,0,0,0,0,-69,0,0,0,-70,0,0,0,0,0,0,0,0,0,0,0,-69,0,0,0,-70,0,0,-69,0,0,0,0,0,0,0,0,-69,0,0,-60,0,0,0,0,0,0,0,-67,-70,-69,0,0,-70,0,0,0,0,0,-73,-68,0,0,0
17,2,2,0,0,-74,0,0,0,0,0,-73,0,0,-74,0,0,0,-73,0,-72,0,0,0,0,0,0,0,0,0,0,0,0,0,0,0,0,-73,0,0,0,0,0,0,0,0,0,0,0,0,0,0,0,-74,0,0,0,-73,0,0,-72,0,0,0,0,0,0,0,0,-74,0,0,-60,0,0,0,0,0,0,0,-72,-72,-73,0,0,-70,0,0,0,-74,0,-66,-73,0,0,0
17,2,3,0,0,-74,0,0,0,0,0,-63,0,0,-74,0,0,0,-63,0,-67,0,0,0,0,0,0,0,0,0,0,0,0,0,0,0,0,-63,0,0,0,0,0,0,0,0,0,0,0,0,0,0,0,-63,0,0,0,-68,0,0,-68,0,0,0,0,0,0,0,0,-63,0,0,-57,0,0,0,0,0,0,0,-72,-68,-68,-74,0,-70,0,0,0,-74,0,-69,-64,0,0,0
18,2,3,-61,0,-71,-69,0,0,0,0,-70,0,-71,-71,0,0,0,-69,0,-74,0,0,-59,0,0,0,0,-68,0,0,0,0,0,-69,0,-62,-70,0,0,0,-68,0,0,0,0,0,0,0,0,-71,0,0,-69,0,-62,0,-73,0,0,-74,0,0,0,0,-66,-60,0,0,-70,0,0,-66,0,-67,0,0,0,0,0,-74,0,-74,0,-61,-69,0,0,0,-71,0,-71,-70,0,0,0
18,2,0,-62,0,-71,-69,0,0,0,0,-71,0,-71,-71,0,0,0,-70,0,-73,0,0,-62,0,0,0,0,-69,0,0,0,0,0,-68,0,-62,-71,0,0,0,-69,0,0,0,0,0,0,0,0,-71,0,0,-71,0,-62,0,-74,0,0,-73,0,0,0,0,-66,-61,0,0,-70,0,0,-61,0,-69,0,0,0,0,0,-72,-73,-73,0,-62,-68,0,0,0,-72,0,-69,-71,0,0,0
18,2,1,-73,0,-71,0,0,0,0,0,-71,0,-74,-73,0,0,0,-70,0,-71,0,0,-74,0,0,0,0,0,0,0,0,0,0,0,0,-73,-71,0,0,0,0,0,0,0,0,0,0,0,0,-71,0,0,-71,0,-74,0,-71,0,0,-71,0,0,0,0,0,-73,0,0,-70,0,0,-59,0,0,0,0,0,0,0,-70,-71,-71,0,-73,0,0,0,0,-72,0,-66,-71,0,0,0
18,2,2,-74,0,-71,-74,0,0,0,0,0,0,0,0,0,0,0,-70,0,-68,0,0,-74,0,0,0,0,-74,0,0,0,0,0,-73,0,0,0,0,0,0,-74,0,0,0,0,0,0,0,0,-71,0,0,-71,0,-74,0,-68,0,0,-69,0,0,0,0,0,-74,0,0,0,0,0,-59,0,-74,0,0,0,0,0,-67,-67,-68,0,-74,-74,0,0,0,0,0,-67,-71,0,0,0
18,3,0,0,0,-72,-68,0,0,0,0,-65,0,-73,-73,0,0,0,-65,0,-69,0,0,0,0,0,0,0,-68,0,0,0,0,0,-69,0,0,-65,0,0,0,-68,0,0,0,0,0,0,0,0,0,0,0,-65,0,0,0,-69,0,0,-68,0,0,0,0,0,0,0,0,-65,0,0,-54,0,-69,0,0,0,0,0,-68,-68,-67,0,0,-67,0,0,0,-73,0,-69,-65,0,0,0
18,3,1,0,0,0,-69,0,0,0,0,-67,0,-73,-73,0,0,0,-67,0,-70,0,0,0,0,0,0,0,-69,0,0,0,0,0,-68,0,0,-67,0,0,0,-68,0,0,0,0,0,0,0,0,0,0,0,-67,0,0,0,-67,0,0,-69,0,0,0,0,0,0,0,0,-67,0,0,-51,0,-68,0,0,0,0,0,-69,-69,-69,0,0,-68,0,0,0,0,0,-71,-67,0,0,0
18,3,2,0,0,0,-65,0,0,0,0,-71,0,-73,-73,0,0,0,-71,0,0,0,0,0,0,0,0,0,-65,0,0,0,0,0,-65,0,0,-67,0,0,0,-65,0,0,0,0,0,0,0,0,0,0,0,-71,0,0,0,0,0,0,0,0,0,0,0,0,0,0,0,-67,0,0,-57,0,-65,0,0,0,0,0,0,0,0,-74,0,-65,0,0,0,0,0,-70,-71,0,0,0
18,3,3,0,0,0,-69,0,0,0,0,-64,0,-73,-73,0,0,0,-64,0,-61,0,0,0,0,0,0,0,-69,0,0,0,0,0,-69,0,0,0,0,0,0,-69,0,0,0,0,0,0,0,0,0,0,0,-64,0,0,0,-60,0,0,-61,0,0,0,0,0,0,0,0,-64,0,0,-52,0,-70,0,0,0,0,0,-61,-60,-61,-74,0,-69,0,0,0,0,0,-68,-64,0,0,0
18,4,0,0,0,0,-69,0,0,0,0,-65,0,0,-73,0,0,0,-66,0,-69,0,0,0,0,0,0,0,-69,0,0,0,0,0,-68,0,0,-65,0,0,0,-68,0,0,0,0,0,0,0,0,0,0,0,-66,0,0,0,-69,0,0,-69,0,0,0,0,0,0,0,0,-65,0,0,-67,0,-68,0,0,0,0,0,-68,-69,-69,-74,0,-68,0,0,0,0,0,-73,0,0,0,0
18,4,1,0,0,0,-70,0,0,0,0,-68,0,0,0,0,0,0,-69,0,-67,0,0,0,0,0,0,0,-70,0,0,0,0,0,-69,0,0,-69,0,0,0,-70,0,0,0,0,0,0,0,0,0,0,0,-69,0,0,0,-67,0,0,-66,0,0,0,0,0,0,0,0,-68,0,0,-63,0,-70,0,0,0,-74,0,-67,-68,-68,0,0,-70,0,0,0,0,0,-72,-67,0,0,0
18,4,2,0,0,0,-74,0,0,0,0,-71,0,0,0,0,0,0,-71,0,-71,0,0,0,0,0,0,0,-74,0,0,0,0,0,-73,0,0,-71,0,0,0,-74,0,0,0,0,0,0,0,0,0,0,0,-71,0,0,0,-71,0,0,-71,0,0,0,0,0,0,0,0,-70,0,0,-55,0,-74,0,0,0,-74,0,-72,-71,-72,0,0,-73,0,0,0,0,0,0,-70,0,0,0
18,4,3,0,0,0,-69,0,0,0,0,-69,0,0,0,0,0,0,-69,0,-68,0,0,0,0,0,0,0,-69,0,0,0,0,0,-69,0,0,-69,0,0,0,-69,0,0,0,0,0,0,0,0,0,0,0,-69,0,0,0,-67,0,0,-68,0,0,0,0,0,0,0,0,-69,0,0,-52,0,-69,0,0,0,-74,0,-68,-67,-69,0,0,-69,0,0,0,0,0,0,-69,0,0,0
18,5,0,0,0,0,-69,0,0,0,0,-67,0,0,0,0,0,0,-67,0,-66,0,0,0,0,0,0,0,-69,0,0,0,0,0,-70,0,0,-67,0,0,0,-69,0,0,0,0,0,0,0,0,0,0,0,-67,0,0,0,-64,0,0,-66,0,0,0,0,0,0,0,0,-67,0,0,-63,0,-69,0,0,0,0,0,-66,-66,-66,0,0,-69,0,0,0,0,0,-74,-67,0,0,0
18,5,1,0,0,0,0,0,0,0,0,-66,0,0,0,0,0,0,-66,0,-70,0,0,0,0,0,0,0,0,0,0,0,0,0,0,0,0,-66,0,0,0,0,0,0,0,0,0,0,0,0,0,0,0,-65,0,0,0,-71,0,0,-70,0,0,0,0,0,0,0,0,-66,0,0,-61,0,0,0,0,0,-73,0,-71,-69,-70,0,0,0,0,0,0,0,0,0,-67,0,0,0
18,5,2,0,0,0,-72,0,0,0,0,-71,0,0,0,0,0,0,-70,0,-57,0,0,0,0,0,0,0,-72,0,0,0,0,0,-72,0,0,-70,0,0,0,-72,0,0,0,0,0,0,0,0,0,0,0,-72,0,0,0,-59,0,0,-58,0,0,0,0,0,0,0,0,-68,0,0,-62,0,-73,0,0,0,0,0,-57,-58,-58,0,0,-72,0,0,0,0,0,0,-70,0,0,0
18,5,3,0,0,0,-73,0,0,0,0,-66,0,0,0,0,0,0,-66,0,-63,0,0,0,0,0,0,0,-73,0,0,0,0,0,-73,0,0,-66,0,0,0,-73,0,0,0,0,0,0,0,0,0,0,0,-67,0,0,0,-62,0,0,-63,0,0,0,0,0,0,0,0,-66,0,0,-66,0,-72,0,0,0,0,0,-62,-63,-62,0,0,-73,0,0,0,0,0,0,-66,0,0,0
18,6,0,0,0,0,-71,0,0,0,0,-70,0,0,0,0,0,0,-70,0,-71,0,0,0,0,0,0,0,-71,0,0,0,0,0,-71,0,0,-70,0,0,0,-72,0,0,0,0,0,0,0,0,0,0,0,-69,0,0,0,-70,0,0,-71,0,0,0,0,0,0,0,0,-69,0,0,-61,0,-71,0,0,0,-67,0,-71,-71,-71,0,0,-71,0,0,0,0,0,-74,-69,0,0,0
18,6,1,0,0,0,-69,0,0,0,0,-68,0,0,0,0,0,0,-68,0,-65,0,0,0,0,0,0,0,-69,0,0,0,0,0,-69,0,0,-68,0,0,0,-69,0,0,0,0,0,0,0,0,0,0,0,-68,0,0,0,-65,0,0,-66,0,0,0,0,0,0,0,0,-68,0,0,-63,0,-69,0,0,0,-67,0,-65,-65,-65,0,0,-69,0,0,0,0,0,0,-69,0,0,0
18,6,2,0,0,0,-71,0,0,0,0,-72,0,0,0,0,0,0,-72,0,-61,0,0,0,0,0,0,0,-72,0,0,0,0,0,-72,0,0,-72,0,0,0,-71,0,0,0,0,0,0,0,0,0,0,0,-72,0,0,0,-61,0,0,-60,0,0,0,0,0,0,0,0,-71,0,0,-57,0,-71,0,0,0,-67,0,-61,-61,-61,0,0,-73,0,0,0,0,0,0,-71,0,0,0
18,6,3,0,0,0,0,0,0,0,0,-74,0,0,0,0,0,0,-74,0,-57,0,0,0,0,0,0,0,-74,0,0,0,0,0,-74,0,0,-73,0,0,0,0,0,0,0,0,0,0,0,0,0,0,0,-73,0,0,0,-57,0,0,-57,0,0,0,0,0,0,0,0,-73,0,0,-58,0,0,0,0,0,-73,0,-57,-56,-57,0,0,0,0,0,0,0,0,0,-74,0,0,0
18,7,0,0,0,0,0,0,0,0,0,-63,0,0,0,0,0,0,-63,0,-55,0,0,0,0,0,0,0,0,0,0,0,0,0,0,0,0,-63,0,0,0,0,0,0,0,0,0,0,0,0,0,0,0,-63,0,0,0,-55,0,0,-55,0,0,0,0,0,0,0,0,-63,0,0,-61,0,0,0,0,0,0,0,-55,-55,-55,0,0,0,0,0,0,0,0,0,-63,0,0,0
18,7,1,0,0,0,-74,0,0,0,0,-66,0,0,0,0,0,0,-67,0,-59,0,0,0,0,0,0,0,-73,0,0,0,0,0,0,0,0,-66,0,0,0,-74,0,0,0,0,0,0,0,0,0,0,0,-66,0,0,0,-58,0,0,-58,0,0,0,0,0,0,0,0,-66,0,0,-55,0,-74,0,0,0,-67,0,-58,-59,-57,0,0,0,0,0,0,0,0,0,-67,0,0,0
18,7,2,0,0,0,0,0,0,0,0,-69,0,0,0,0,0,0,0,0,-52,0,0,0,0,0,0,0,0,0,0,0,0,0,0,0,0,0,0,0,0,0,0,0,0,0,0,0,0,0,0,0,0,-66,0,0,0,-52,0,0,-52,0,0,0,0,0,0,0,0,0,0,0,-56,0,0,0,0,0,0,0,-52,-52,-52,0,0,0,0,0,0,0,0,0,0,0,0,0
18,7,3,0,0,0,0,0,0,0,0,-73,0,0,0,0,0,0,0,0,-53,0,0,0,0,0,0,0,0,0,0,0,0,0,0,0,0,-74,0,0,0,0,0,0,0,0,0,0,0,0,0,0,0,-74,0,0,0,-53,0,0,-53,0,0,0,0,0,0,0,0,-74,0,0,-58,0,0,0,0,0,0,0,-53,-53,-54,0,0,0,0,0,0,0,0,0,-73,0,0,0
18,8,0,0,0,0,0,0,-74,0,0,-71,0,0,0,0,0,0,-71,0,-52,0,0,0,-74,0,0,-74,-74,0,0,0,0,0,0,0,0,-71,0,0,0,0,0,0,0,0,0,0,0,0,0,0,0,-71,0,0,0,-52,0,0,-51,0,0,0,0,0,0,0,-74,-70,0,0,-64,0,0,0,0,0,-63,0,-53,-53,-53,0,0,0,0,0,0,0,0,0,-71,0,0,0
18,8,1,0,0,0,0,0,-71,0,0,-69,0,0,0,0,0,0,-69,0,-51,0,0,0,-71,0,0,-74,0,0,0,0,0,0,0,0,0,-69,-71,-71,0,0,0,0,0,0,0,0,0,0,0,0,0,-69,0,0,0,-50,0,0,-50,0,0,0,0,0,0,0,-72,-69,0,0,-58,0,0,0,0,0,0,0,-51,-51,-51,0,0,0,0,0,0,0,0,0,-69,0,0,0
18,8,2,0,0,0,0,0,0,0,0,-69,0,0,0,0,0,0,-67,0,-48,0,0,0,0,0,0,0,0,0,0,0,0,0,0,0,0,-67,0,0,0,-74,0,0,0,0,0,0,0,0,0,0,0,-67,0,0,0,-49,0,0,-48,0,0,0,0,0,0,0,0,-67,0,0,-49,0,0,0,0,0,-60,0,-48,-48,-49,0,0,-74,0,0,0,0,0,0,-67,0,0,0
18,8,3,0,0,0,-74,0,0,0,0,0,0,0,0,0,0,0,0,0,-37,0,0,0,0,0,0,0,-73,0,0,0,0,0,-73,0,0,0,0,0,0,-73,0,0,0,0,0,0,0,0,0,0,0,0,0,0,0,-37,0,0,-37,0,0,0,0,0,0,0,0,0,0,0,-58,0,-73,0,0,0,-66,0,-37,-37,-37,0,0,-73,0,0,0,0,0,0,0,0,0,0
18,9,0,0,0,0,0,0,0,0,0,0,0,0,0,0,0,0,0,0,-36,0,0,0,0,0,0,0,0,0,0,0,0,0,0,0,0,0,0,0,0,0,0,0,0,0,0,0,0,0,0,0,0,0,0,0,0,-36,0,0,-36,0,0,0,0,0,0,0,0,0,0,0,-63,0,0,0,0,0,-70,0,-37,-36,-36,0,0,0,0,0,0,0,0,0,0,0,0,0
18,9,1,0,0,0,0,0,0,0,0,0,0,0,0,0,0,0,0,0,-37,0,0,0,0,0,0,0,0,0,0,0,0,0,0,0,0,0,0,0,0,0,0,0,0,0,0,0,0,0,0,0,0,0,0,0,0,-37,0,0,-37,0,0,0,0,0,0,0,0,0,0,0,-69,0,0,0,0,0,-73,0,-37,-37,-37,0,0,0,0,0,0,0,0,0,0,0,0,0
18,9,2,0,0,0,0,0,0,0,0,-70,0,0,0,0,0,0,-68,0,-39,0,0,0,0,0,0,0,0,0,0,0,0,0,0,0,0,-70,0,0,0,0,0,0,0,0,0,0,0,0,0,0,0,-69,0,0,0,-39,0,0,-39,0,0,0,0,0,0,0,0,-71,0,0,-63,0,0,0,0,0,-63,0,-39,-39,-38,0,0,0,0,0,0,0,0,0,-69,0,0,0
18,9,3,0,0,0,0,0,0,0,0,-70,0,0,0,0,0,0,-70,0,-41,0,0,0,0,0,0,0,0,0,0,0,0,0,0,0,0,-71,0,0,0,0,0,0,0,0,0,0,0,0,0,0,0,-70,0,0,0,-40,0,0,-41,0,0,0,0,0,0,0,0,-71,0,0,-64,0,0,0,0,0,-71,0,-41,-41,-41,0,0,0,0,0,0,0,0,0,-71,0,0,0
18,10,3,0,0,0,0,0,0,0,0,-74,0,0,0,0,0,0,-74,0,-32,0,0,0,0,0,0,0,0,0,0,0,0,0,0,0,0,-74,0,0,0,0,0,0,0,0,0,0,0,0,0,0,0,-74,0,0,0,-33,0,0,-33,0,0,0,0,0,0,0,0,-74,0,0,-68,0,0,0,0,0,-69,0,-33,-33,-32,0,0,0,0,0,0,0,0,0,-74,0,0,0
18,10,0,0,0,0,0,0,0,0,0,-73,0,0,0,0,0,0,-73,0,-34,0,0,0,0,0,0,0,0,0,0,0,0,0,0,0,0,-73,0,0,0,0,0,0,0,0,0,0,0,0,0,0,0,-73,0,0,0,-34,0,0,-34,0,0,0,0,0,0,0,0,-73,0,0,-69,0,0,0,0,0,-67,0,-34,-34,-34,0,0,0,0,0,0,0,0,0,-73,0,0,0
18,10,1,0,0,0,0,0,0,0,0,-73,0,0,0,0,0,0,0,0,-45,0,0,0,0,0,0,0,0,0,0,0,0,0,0,0,0,0,0,0,0,0,0,0,0,0,0,0,0,0,0,0,0,-73,0,0,0,-44,0,0,-45,0,0,0,0,0,0,0,0,0,0,0,-68,0,0,0,0,0,-73,0,-45,-45,-45,0,0,0,0,0,0,0,0,0,0,0,0,0
18,10,2,0,0,0,0,0,0,0,0,-71,0,0,0,0,0,0,-71,0,-44,0,0,0,0,0,0,0,0,0,0,0,0,0,0,0,0,-71,0,0,0,0,0,0,0,0,0,0,0,0,0,0,0,-71,0,0,0,-44,0,0,-45,0,0,0,0,0,0,0,0,-71,0,0,-64,0,0,0,0,0,-69,0,-45,-45,-45,0,0,0,0,0,0,0,0,0,-71,0,0,0
10,1,0,-72,0,-51,0,-74,0,0,-69,-65,0,-51,-51,0,-68,-73,-65,0,0,-69,-69,0,-72,0,-74,0,0,-74,0,0,0,-69,0,-69,0,-65,0,0,0,0,0,0,0,0,0,0,-69,0,-51,0,-69,-65,0,0,0,0,-73,0,0,0,0,0,0,-52,0,0,0,-64,0,0,-72,-73,0,0,0,0,0,0,0,0,0,-58,0,0,-65,-69,0,-51,0,0,-64,-70,0,0
10,1,1,-72,0,-60,0,-74,0,0,-67,-70,-72,-60,-61,0,-66,-73,-70,0,0,-69,-73,0,-72,0,0,0,0,0,0,0,0,-74,0,-65,0,-71,0,0,0,0,0,0,0,0,0,0,-64,-72,-59,0,-74,-71,0,0,0,0,0,0,0,-72,0,0,0,-60,0,0,0,-71,0,0,-72,0,0,0,0,0,0,0,0,0,0,-50,0,0,-64,-74,0,-60,0,0,-71,-65,0,0
10,1,2,-72,0,-54,0,-74,0,0,-67,-66,0,-54,-54,0,-66,0,-67,0,0,0,-73,0,-72,0,0,0,0,0,0,0,0,0,0,-67,0,-67,0,0,0,0,0,0,0,0,0,0,-67,-72,-54,0,0,-68,0,0,0,0,0,0,0,0,0,0,0,-55,0,0,0,-67,0,0,0,0,0,0,0,0,0,0,0,0,0,-53,0,0,-64,-74,0,-54,0,0,-67,-68,0,0
10,1,3,-72,0,-49,0,-69,-70,0,-70,-72,0,-48,-49,0,-66,0,-71,0,0,-62,-62,0,-70,0,-70,-72,0,-68,0,0,0,-62,0,-71,0,-73,-70,-70,0,0,0,0,0,0,0,-74,-71,-72,-49,0,-63,-68,-63,0,0,-72,0,-74,0,-72,0,-72,0,-49,0,0,-68,-70,0,0,0,-71,0,0,0,-74,0,0,-72,-73,0,-39,0,0,-72,-63,0,-49,0,0,-72,-71,0,0
9,1,0,-72,0,-51,0,-69,0,0,-70,-65,-68,-51,-49,0,0,0,-66,0,0,0,-62,0,0,0,0,0,0,0,0,0,0,0,0,0,0,-65,0,-70,0,0,0,0,0,0,0,-68,-71,-69,-51,0,0,-65,0,0,0,-72,0,0,0,-68,0,0,0,-51,0,0,0,-66,0,0,-74,-71,0,0,0,-68,0,0,0,-73,0,-54,0,0,-72,-63,0,-49,-69,0,-66,-71,0,0
9,1,1,-72,0,-53,0,0,0,0,0,-65,-63,-52,-52,0,0,0,-65,0,0,0,-62,0,0,0,0,0,0,0,0,0,0,-73,0,0,0,-65,0,0,0,0,0,0,0,0,0,-63,0,-63,-52,0,-72,-65,-73,0,0,0,0,0,0,-63,0,0,0,-52,0,0,0,-66,0,0,0,0,0,0,0,-63,0,0,0,0,0,-53,0,0,0,0,0,-52,-63,0,-66,-71,0,0
9,1,2,-72,0,-53,0,0,0,0,0,-67,-61,-60,-61,0,0,0,-66,0,0,0,0,0,0,0,0,0,0,0,0,0,0,0,0,0,0,-66,0,0,0,0,0,0,0,0,0,-63,0,-62,-61,0,0,-66,0,0,0,0,0,0,0,-62,0,0,0,-61,0,0,0,-66,0,0,0,0,0,0,0,-63,0,0,0,0,0,-55,0,0,0,0,0,-52,-62,0,-67,-71,0,0
9,1,3,-72,0,-53,0,-73,0,0,-72,-60,-63,-53,-53,0,-73,-73,-59,0,0,-72,-72,0,0,0,-74,0,0,-73,0,0,0,0,0,0,0,-60,0,0,0,0,0,0,0,0,0,-65,0,-65,-53,0,0,-60,-72,0,0,0,0,0,0,-62,0,0,0,-54,0,0,0,-60,0,0,-69,-73,0,0,0,-64,0,0,0,0,0,-51,0,0,-72,0,0,-53,-64,0,-60,0,0,0
9,3,0,-72,0,-56,0,-63,0,0,0,-52,-69,-56,-53,0,0,0,-51,0,-64,-59,-59,0,0,0,-74,0,0,-74,0,0,0,0,0,0,0,-51,0,0,0,0,0,0,0,0,0,-68,0,-68,-57,0,0,-50,0,0,0,-64,-74,0,-64,-68,0,0,0,-57,0,0,0,-51,0,0,-61,-74,0,0,0,-68,-65,0,-64,-63,-63,-64,0,0,0,-59,0,-57,-68,0,-53,0,0,0
9,3,1,-72,0,-52,0,0,0,0,0,-52,-64,-52,-53,0,0,0,-51,0,-69,-74,-74,0,0,0,0,0,0,0,0,0,0,-74,0,0,0,-51,0,0,0,0,0,0,0,0,0,-64,0,-63,-53,0,-74,-50,-73,0,0,-69,0,0,-69,-64,0,-72,0,-53,0,0,0,-51,0,0,-69,0,0,0,0,-65,-73,0,-68,-69,-68,-48,0,0,0,-74,0,-53,-64,0,-53,0,0,0
9,3,2,-72,0,-61,0,-69,0,0,0,-52,-66,-58,-61,0,0,-69,-57,0,-64,-61,-60,0,0,0,-70,0,0,-69,0,0,0,-61,0,0,0,-57,0,0,0,0,0,0,0,0,0,-65,0,-66,-61,0,-61,-57,-60,0,0,-63,-67,0,-63,-66,0,0,0,-61,0,0,0,-55,0,0,-69,-70,0,0,0,-65,-72,0,-63,-63,-63,-47,0,0,0,-61,0,-60,-67,0,-57,0,0,0
9,3,3,-72,0,-45,0,-70,-66,0,0,-64,-64,-45,-45,0,0,-67,-64,0,-70,-49,-49,0,-65,0,-68,-64,0,-65,0,0,0,-49,0,0,0,-65,-66,-64,0,0,0,0,0,0,0,-64,-71,-64,-45,0,-49,-64,-49,0,0,-69,-69,-73,-71,-63,0,-74,0,-45,0,0,-65,-64,0,0,-72,-58,0,0,0,-64,-72,0,-72,-72,-71,-42,0,0,0,-47,0,-52,-63,0,-64,0,0,0
10,3,0,-72,0,-48,0,0,-69,0,0,-64,-69,-49,-49,0,0,0,-59,0,0,-56,-57,0,-68,0,-72,-69,0,-74,0,0,0,-57,0,0,0,-59,-68,-68,0,0,0,0,0,0,0,-69,-71,-70,-49,0,-57,-64,-57,0,0,0,-73,0,0,-69,0,-74,0,-49,0,0,-68,-59,0,0,-69,0,0,0,0,-69,0,0,0,0,0,-56,0,0,0,-57,0,-49,-69,0,-64,0,0,0
10,3,1,-72,0,-45,0,-73,-70,0,0,0,-65,-46,-46,0,0,-74,-67,0,-74,-59,-59,0,-71,0,-72,-71,0,-73,0,0,0,-60,0,0,0,-66,-70,-71,0,0,0,0,0,0,0,-68,0,-66,-46,0,-59,-65,-59,0,0,0,-71,0,-74,-66,0,0,0,-46,0,0,-71,-67,0,0,-71,-74,0,0,0,-67,0,0,0,0,0,-47,0,0,0,-59,0,-46,-66,0,-66,0,0,0
10,3,2,-72,0,-60,0,-66,-70,0,0,-64,-70,-59,-60,0,0,-67,-64,0,-74,-64,-63,0,-71,0,-65,-71,0,-67,0,0,0,-65,0,0,0,-67,-70,-71,0,0,0,0,0,0,0,-71,0,-70,-57,0,-65,-64,-65,0,0,-74,-65,-71,-74,-70,0,0,0,-61,0,0,-71,-64,0,0,-69,-66,0,0,0,-71,0,0,-74,-74,0,-56,0,0,0,-65,0,-60,-70,0,-65,0,0,0
10,3,3,-72,0,-65,0,-69,-66,0,0,-55,-50,-64,-64,0,0,-67,-55,0,-74,-55,-56,0,-66,0,-67,-66,0,-63,0,0,0,-56,0,0,0,-56,-66,-66,0,0,0,0,0,0,0,-50,0,-51,-50,0,-56,-56,-56,0,0,-63,-68,-62,-63,-50,0,0,0,-64,0,0,-65,-57,0,0,-59,-69,0,0,0,-51,0,0,-63,-63,-74,-49,0,0,0,-56,0,-51,-51,0,-56,0,0,0
9,4,3,0,0,-62,0,0,-73,0,0,-58,-51,-61,-62,0,0,-74,-56,0,-63,-59,-59,0,-73,0,0,-73,0,0,0,0,0,-59,0,0,0,-58,-72,-72,0,0,0,0,0,0,0,-51,0,-50,-62,0,-59,-57,-58,0,0,-63,0,-69,-63,-50,0,-74,0,-62,0,0,-73,-54,0,0,-57,0,0,0,0,-51,-69,0,-63,-63,-63,-57,0,0,0,-58,0,-62,-50,0,-57,0,0,0
9,4,0,0,0,-60,0,-74,-74,0,0,-57,-51,-60,-59,0,0,-74,-57,0,-61,-57,-58,0,-74,0,-74,-73,0,-74,0,0,0,-57,0,0,0,-55,-72,-74,0,0,0,0,0,0,0,-49,0,-51,-61,0,-57,-57,-58,0,0,-61,0,-74,-61,-51,0,-74,0,-59,0,0,-73,-56,0,0,-65,-74,0,0,0,-50,-64,0,-62,-62,-61,-59,0,0,0,-58,0,-60,-49,0,-57,0,0,0
9,4,1,0,0,-52,0,-74,-74,0,0,-62,-60,-53,-53,0,0,-71,-60,0,-69,-62,-62,0,0,0,-74,0,0,-72,0,0,0,-61,0,0,0,-60,0,0,0,0,0,0,0,0,0,-60,0,-59,-53,0,-63,-61,-61,0,0,-69,-71,-69,-69,-60,0,0,0,-53,0,0,0,-61,0,0,-59,-74,0,0,0,-59,-64,0,-69,-68,-61,-59,0,0,0,-61,0,-53,-59,0,-61,0,0,0
9,4,2,0,0,-52,0,-73,-68,0,0,-63,-56,-53,-53,0,0,-71,-62,0,-63,-60,-60,0,0,0,-73,0,0,-72,0,0,0,-59,0,0,0,-62,-67,-67,0,0,0,0,0,0,0,-57,0,-56,-53,0,-60,-62,-61,0,0,-66,-73,-66,-69,-53,0,0,0,-66,0,0,-68,-62,0,0,-58,-73,0,0,0,-56,-69,0,-66,-65,-61,-57,0,0,0,-60,0,-53,-56,0,-62,0,0,0
10,4,0,0,0,-58,0,0,-64,0,0,-55,-48,-48,-47,0,0,0,-55,0,-58,-62,-63,0,-64,0,-65,-65,0,0,0,0,0,-62,0,0,0,-54,-64,-64,0,0,0,0,0,0,0,-48,0,-48,-59,0,-63,-56,-62,0,0,-58,0,0,-58,-48,0,0,0,-48,0,0,-65,-55,0,0,-60,0,0,0,0,-47,-69,0,-58,-59,-59,-49,0,0,0,-62,0,-48,-48,0,-55,0,0,0
10,4,1,0,0,-55,0,-71,-64,0,0,-55,-59,-55,-54,0,0,-71,-61,0,-58,-57,-57,0,0,0,-71,0,0,-71,0,0,0,-57,0,0,0,-62,0,0,0,0,0,0,0,0,0,-58,0,-58,-54,0,-57,-56,-57,0,0,-58,-71,-70,-58,-58,0,0,0,-54,0,0,-65,-61,0,0,-63,-70,0,0,0,-58,0,0,-58,0,0,-49,0,0,0,-56,0,-55,-58,0,-62,0,0,0
10,4,2,0,0,-55,0,-68,-69,0,0,-61,-53,-61,-63,0,0,-68,-59,0,0,-62,-63,0,-68,0,-68,-65,0,-68,0,0,0,-62,0,0,0,-60,0,0,0,0,0,0,0,0,0,-53,0,-53,-54,0,-63,-61,-63,0,0,0,-71,0,-58,-51,0,0,0,-62,0,0,-69,-58,0,0,-61,-68,0,0,0,-53,-68,0,0,-73,-74,-55,0,0,0,-62,0,-62,-53,0,-60,0,0,0
10,4,3,0,0,-58,0,-64,-65,0,0,-60,-50,-58,-59,0,0,-62,-56,0,-73,-63,-63,0,-66,0,-62,-65,0,-64,0,0,0,-63,0,0,0,-57,-65,-65,0,0,0,0,0,0,0,-50,0,-50,-57,0,-63,-57,-63,0,0,-68,-70,0,-68,-51,0,-72,0,-58,0,0,-65,-56,0,0,-59,-64,0,0,0,-50,-71,0,0,-68,-68,-42,0,0,0,-64,0,-58,-51,0,-54,0,0,0
8,5,0,0,0,-64,0,-71,-64,0,0,-54,-52,-65,-64,0,0,-71,-54,0,-70,-54,-55,0,-63,0,-71,-62,0,-71,0,0,0,-54,0,0,0,-54,-63,-63,0,0,0,0,0,0,0,-55,0,-55,-64,0,-53,-55,-55,0,0,-69,0,-73,-70,-55,0,-72,0,-58,0,0,-63,-55,0,0,-63,-71,0,0,0,-53,-60,0,0,-71,-69,-51,0,0,0,-54,0,-64,-56,0,-54,0,0,0
8,5,1,0,0,-59,0,-65,-63,0,0,-54,-63,-57,-58,0,0,-67,-70,0,0,-57,-56,0,-63,0,-67,-63,0,-67,0,0,0,-56,0,0,0,-70,-63,-63,0,0,0,0,0,0,0,-63,0,-63,-64,0,-55,-70,-56,0,0,0,-67,-73,-74,-63,0,0,0,-58,0,0,-63,-70,0,0,-65,-71,0,0,0,-63,-60,0,0,-71,0,-47,0,0,0,-55,0,-57,-62,0,-70,0,0,0
8,5,2,0,0,-70,0,-71,-63,0,0,-57,-58,-57,-69,0,0,-70,-57,0,-64,-62,-63,0,-64,0,-67,-63,0,-71,0,0,0,-63,0,0,0,-57,-64,-64,0,0,0,0,0,0,0,-58,0,-58,-69,0,-63,-57,-63,0,0,0,-67,0,-65,-58,0,0,0,-70,0,0,-64,-57,0,0,-67,-71,0,0,0,-58,-69,0,0,-65,-65,-54,0,0,0,-63,0,-70,-58,0,-57,0,0,0
8,5,3,0,0,-70,0,-68,-63,0,0,-59,-64,-70,-70,0,0,-68,-59,0,-64,-48,-49,0,-64,0,-69,-63,0,-68,0,0,0,-49,0,0,0,-58,-64,-64,0,0,0,0,0,0,0,-64,0,-64,-69,0,-49,-58,-49,0,0,-72,-68,-70,-71,-64,0,-73,0,-70,0,0,-66,-59,0,0,-61,-68,0,0,0,-64,-69,0,-72,-72,-72,-43,0,0,0,-49,0,-70,-64,0,-59,0,0,0
9,5,0,0,0,-62,0,0,-67,0,0,-51,-53,-62,-62,0,0,0,-51,0,-66,-65,-66,0,-67,0,0,-73,0,0,0,0,0,-65,0,0,0,-51,-67,-67,0,0,0,0,0,0,0,-52,0,-54,-62,0,-65,-51,-67,0,0,-63,0,-67,-65,-52,0,0,0,-62,0,0,-67,-51,0,0,-56,0,0,0,0,-51,-57,0,-66,-66,-66,-48,0,0,0,-67,0,-62,-52,0,-51,0,0,0
9,5,1,0,0,-60,0,0,-69,0,0,-65,-58,-61,-61,0,0,0,-67,0,0,-59,-60,0,-69,0,0,-68,0,0,0,0,0,-59,0,0,0,-67,-69,-72,0,0,0,0,0,0,0,-58,0,-57,-61,0,-59,-65,-60,0,0,-63,0,0,0,-58,0,0,0,-61,0,0,-69,-67,0,0,-68,0,0,0,0,-57,-57,0,-66,0,0,-48,0,0,0,-60,0,-61,-59,0,-65,0,0,0
9,5,2,0,0,-63,0,-73,-62,0,0,-60,-54,-63,-62,0,0,0,-59,0,-68,-61,-61,0,-63,0,-74,-63,0,-73,0,0,0,-62,0,0,0,-60,-64,-63,0,0,0,0,0,0,0,-55,0,-55,-63,0,-60,-60,-61,0,0,-66,-73,0,-69,-55,0,0,0,-60,0,0,-61,-59,0,0,-66,-73,0,0,0,-54,-57,0,-60,0,-67,-53,0,0,0,-61,0,-63,-55,0,-59,0,0,0
9,5,3,0,0,-54,0,-74,-71,0,0,-53,-53,-54,-52,0,0,-74,-54,0,-53,-64,-64,0,-71,0,-73,-71,0,-74,0,0,0,-64,0,0,0,-53,-70,-69,0,0,0,0,0,0,0,-53,0,-53,-59,0,-64,-53,-64,0,0,-55,-74,-69,-55,-54,0,0,0,-60,0,0,-70,-53,0,0,-55,-74,0,0,0,-53,-70,0,-55,-55,-55,-47,0,0,0,-64,0,-54,-54,0,-53,0,0,0
10,5,0,0,0,0,0,0,-71,0,0,-55,-55,-58,-58,0,0,0,-55,0,-56,-65,-65,0,-70,0,0,-71,0,0,0,0,0,-65,0,0,0,-55,-71,-71,0,0,0,0,0,0,0,-55,0,-55,-56,0,-65,-55,-65,0,0,-56,0,-73,-56,-55,0,0,0,-59,0,0,-70,-56,0,0,-55,0,0,0,0,-54,-70,0,-56,-56,-55,-51,0,0,0,-65,0,-59,-55,0,-55,0,0,0
10,5,1,0,0,-57,0,-73,-68,0,0,-61,-53,-57,-57,0,0,-72,-55,0,-69,-62,-62,0,-68,0,-73,-67,0,-72,0,0,0,-62,0,0,0,-61,-65,-67,0,0,0,0,0,0,0,-54,0,-53,-57,0,-63,-62,-62,0,0,-65,-73,-70,-56,-53,0,0,0,-57,0,0,-68,-61,0,0,-64,-73,0,0,0,-53,-70,0,-69,-68,-68,-46,0,0,0,-62,0,-57,-53,0,-62,0,0,0
10,5,2,0,0,-67,0,-72,-68,0,0,-54,-52,-66,-67,0,0,-72,-54,0,-71,-70,-71,0,-69,0,-73,-69,0,-72,0,0,0,-70,0,0,0,-55,-68,-69,0,0,0,0,0,0,0,-52,0,-52,-66,0,-70,-55,-70,0,0,-65,-73,-70,-71,-52,0,0,0,-66,0,0,-68,-55,0,0,-61,-72,0,0,0,-52,-70,0,-69,-68,-68,-51,0,0,0,-70,0,-65,-52,0,-55,0,0,0
10,5,3,0,0,-55,0,-64,-74,0,0,-49,-52,-55,-55,0,0,-65,-53,0,-57,-68,-68,0,-74,0,-64,0,0,-64,0,0,0,-68,0,0,0,-50,-74,-74,0,0,0,0,0,0,0,-52,0,-53,-55,0,-68,-49,-68,0,0,-58,-65,-72,-57,-53,0,0,0,-55,0,0,-74,-51,0,0,-61,-64,0,0,0,-53,-72,0,-58,-57,-58,-51,0,0,0,-68,0,-55,-53,0,-49,0,0,0
11,5,0,0,0,-55,0,-71,-74,0,0,-58,-59,-55,-65,0,0,-71,-59,0,-60,-71,-71,0,-66,0,-72,-68,0,-71,0,0,0,-70,0,0,0,-59,-68,-68,0,0,0,0,0,0,0,-58,0,-59,-55,0,-71,-59,-71,0,0,-60,-65,-71,-60,-59,0,0,0,-55,0,0,-67,-59,0,0,-50,-71,0,0,0,-59,-62,0,-60,-60,-59,-50,0,0,0,-70,0,-55,-59,0,-58,0,0,0
11,5,1,0,0,-63,0,-73,-73,0,0,-54,-59,-63,-65,0,0,-74,-58,0,-69,-69,-70,0,-72,0,-73,-73,0,-73,0,0,0,-69,0,0,0,-55,-72,-73,0,0,0,0,0,0,0,-59,0,-59,-63,0,-69,-55,-70,0,0,-67,-73,-73,-69,-59,0,0,0,-65,0,0,-72,-56,0,0,-61,-73,0,0,0,-58,-62,0,-69,-69,-67,-56,0,0,0,-69,0,-63,-58,0,-55,0,0,0
11,5,2,0,0,-60,0,-71,-73,0,0,-51,-53,-63,-65,0,0,-71,-51,0,-69,-70,-70,0,-69,0,-71,-65,0,-71,0,0,0,-69,0,0,0,-52,-69,-69,0,0,0,0,0,0,0,-53,0,-53,-63,0,-69,-52,-69,0,0,-67,-73,-69,-69,-53,0,0,0,-63,0,0,-69,-52,0,0,-59,-71,0,0,0,-54,-68,0,-69,-69,-69,-47,0,0,0,-69,0,-63,-54,0,-51,0,0,0
11,5,3,0,0,-57,0,-63,-73,0,0,-57,-55,-57,-54,0,0,-64,-56,0,-71,-65,-64,0,-67,0,-71,-65,0,-63,0,0,0,-65,0,0,0,-57,-69,-67,0,0,0,0,0,0,0,-55,0,-55,-56,0,-65,-56,-62,0,0,-67,-62,-67,-73,-55,0,-71,0,-56,0,0,-69,-57,0,0,-63,-63,0,0,0,-55,-68,0,-69,-69,-72,-41,0,0,0,-65,0,-54,-55,0,-57,0,0,0
12,5,0,0,0,-70,0,-70,0,0,0,-54,-61,-69,-69,0,0,-70,-54,0,-61,-70,-68,0,-71,0,-68,-70,0,-70,0,0,0,-69,0,0,0,-53,-71,-71,0,0,0,0,0,0,0,-61,0,-61,-71,0,-68,-53,-69,0,0,-60,0,-71,-61,-62,0,-71,0,-69,0,0,-71,-54,0,0,-55,-70,0,0,0,-61,0,0,-61,-60,-61,-55,0,0,0,-69,0,-70,-61,0,-53,0,0,0
12,5,1,0,0,-63,0,0,-69,0,0,-49,-53,-63,-63,0,0,0,-49,0,-73,-71,-71,0,-68,0,0,-69,0,0,0,0,0,-71,0,0,0,-49,-68,-69,0,0,0,0,0,0,0,-54,0,-53,-63,0,-71,-49,-71,0,0,-73,0,-71,-73,-53,0,-71,0,-63,0,0,-69,-49,0,0,-60,0,0,0,0,-54,0,0,-74,-73,-73,-47,0,0,0,-71,0,-70,-53,0,-50,0,0,0
12,5,2,0,0,-57,0,0,-64,0,0,-47,-57,-58,-58,0,0,0,-47,0,-69,-71,-70,0,-66,0,0,-66,0,0,0,0,0,-72,0,0,0,-47,-66,-73,0,0,0,0,0,0,0,-57,0,-57,-59,0,-72,-47,-71,0,0,-70,0,-71,-73,-57,0,-71,0,-59,0,0,-65,-47,0,0,-56,0,0,0,0,-57,0,0,-70,-70,-70,-53,0,0,0,-70,0,-58,-56,0,-47,0,0,0
12,5,3,0,0,-66,0,0,-65,0,0,-53,-61,-66,-58,0,0,0,-53,0,-62,-70,-73,0,-65,0,0,-65,0,0,0,0,0,-73,0,0,0,-53,-65,-65,0,0,0,0,0,0,0,-61,0,-60,-66,0,-73,-53,-72,0,0,-61,0,0,-61,-60,0,0,0,-65,0,0,-65,-53,0,0,-54,0,0,0,0,-61,0,0,-62,-61,-61,-39,0,0,0,-72,0,-66,-61,0,-53,0,0,0
13,5,0,0,0,-66,0,0,-67,0,0,-62,-60,-66,-58,0,0,0,-61,0,-66,-69,-69,0,-67,0,0,-67,0,0,0,0,0,-69,0,0,0,-61,-67,-67,0,0,0,0,0,0,0,-59,0,-59,-72,0,-69,-61,-69,0,0,-66,0,0,-66,-59,0,0,0,-65,0,0,-67,-61,0,0,-61,0,0,0,0,-59,0,0,-67,-64,-67,-47,0,0,0,-69,0,-66,-59,0,-61,0,0,0
13,5,1,0,0,-70,0,-74,-74,0,0,-54,-63,-69,0,0,0,-74,-54,0,-67,-69,-69,0,-74,0,-74,-74,0,-74,0,0,0,-69,0,0,0,-54,-74,-74,0,0,0,0,0,0,0,-63,0,-63,-70,0,-68,-54,-69,0,0,-66,-73,0,-66,-62,0,0,0,0,0,0,-74,-55,0,0,-55,-74,0,0,0,-62,0,0,-66,-65,-66,-51,0,0,0,-69,0,-66,-63,0,-61,0,0,0
13,5,2,0,0,-70,0,-74,-64,0,0,-59,-66,-69,0,0,0,-74,-58,0,-69,-66,-65,0,-65,0,-69,-65,0,-69,0,0,0,-66,0,0,0,-59,-65,-65,0,0,0,0,0,0,0,-65,0,-66,-70,0,-66,-59,-67,0,0,-69,-73,-73,-66,-66,0,0,0,0,0,0,-65,-58,0,0,-61,-74,0,0,0,-65,0,0,-69,-69,-69,-57,0,0,0,-66,0,-66,-65,0,-62,0,0,0
13,5,3,0,0,-70,0,-74,-70,0,0,-57,-63,-70,-70,0,0,-74,-58,0,-60,-73,-73,0,-68,0,0,-70,0,-74,0,0,0,-73,0,0,0,-57,-70,-70,0,0,0,0,0,0,0,-63,0,-63,-71,0,-73,-57,-73,0,0,-59,-74,0,-60,-63,0,0,0,-70,0,0,-71,-57,0,0,-46,-74,0,0,0,-63,0,0,-60,-60,-60,-50,0,0,0,-73,0,-66,-63,0,-55,0,0,0
7,6,0,0,0,0,0,-73,-66,0,0,-54,-63,-66,-61,0,0,-73,-51,0,0,-70,-69,0,-69,0,-73,-71,0,-73,0,0,0,-70,0,0,0,-53,-67,-71,0,0,0,0,0,0,0,-63,0,-62,-61,0,-71,-61,-71,0,0,0,-74,0,-69,-63,0,0,0,-64,0,0,-70,-53,0,0,-63,-73,0,0,0,-63,-66,0,-69,-69,-69,-51,0,0,0,-71,0,-66,-62,0,-53,0,0,0
7,6,1,0,0,-67,0,-73,-66,0,0,-61,-73,-66,-61,0,0,-68,-51,0,0,-66,-66,0,-68,0,-67,-68,0,-69,0,0,0,-66,0,0,0,-53,-68,-69,0,0,0,0,0,0,0,-73,0,-73,-67,0,-67,-61,-66,0,0,0,-69,0,0,-73,0,0,0,-64,0,0,-69,-53,0,0,-67,-73,0,0,0,-73,-66,0,0,-69,-69,-45,0,0,0,-66,0,-66,-73,0,-61,0,0,0
7,6,2,0,0,-62,0,0,-63,0,0,-66,-64,-62,-62,0,0,0,-65,0,-74,-64,-67,0,-64,0,-74,-64,0,-74,0,0,0,-66,0,0,0,-66,-63,-64,0,0,0,0,0,0,0,-65,0,-65,-61,0,-67,-66,-67,0,0,-74,-71,0,-74,-65,0,0,0,-63,0,0,-63,-66,0,0,-71,0,0,0,0,-65,-69,0,-74,-74,-74,-44,0,0,0,-67,0,-61,-65,0,-65,0,0,0
7,6,3,0,0,-60,0,-70,-68,0,0,-63,-66,-61,-60,0,0,-71,-63,0,-74,-55,-55,0,-69,0,-70,-68,0,-72,0,0,0,-55,0,0,0,-61,-67,-68,0,0,0,0,0,0,0,-65,0,-66,-60,0,-55,-63,-54,0,0,-72,-71,-69,-74,-63,0,0,0,-60,0,0,-67,-64,0,0,-71,-70,0,0,0,-66,0,0,-72,-73,-73,-45,0,0,0,-55,0,-61,-66,0,-64,0,0,0
8,6,0,0,0,-69,0,-72,-65,0,0,-56,-63,-61,-60,0,0,-72,-57,0,-65,-60,-60,0,-63,0,-72,-64,0,-72,0,0,0,-60,0,0,0,-57,-65,-68,0,0,0,0,0,0,0,-63,0,-64,-60,0,-59,-56,-59,0,0,-65,-72,-69,-65,-63,0,0,0,-60,0,0,-63,-56,0,0,-61,-70,0,0,0,-62,-69,0,-65,-65,-62,-54,0,0,0,-59,0,-61,-63,0,-56,0,0,0
8,6,1,0,0,-60,0,-67,-74,0,0,-62,-57,-61,-60,0,0,-67,-62,0,0,-61,-61,0,-74,0,-66,-74,0,-67,0,0,0,-63,0,0,0,-62,-74,0,0,0,0,0,0,0,0,-57,0,-58,-59,0,-62,-62,-61,0,0,-65,-66,-69,0,-57,0,0,0,-59,0,0,-74,-62,0,0,-71,-66,0,0,0,-57,0,0,0,-65,-62,-41,0,0,0,-61,0,-58,-57,0,-62,0,0,0
8,6,2,0,0,-69,0,0,-63,0,0,-58,-57,-69,-60,0,0,0,-58,0,-69,-60,-60,0,-62,0,0,-64,0,0,0,0,0,-59,0,0,0,-59,-63,-64,0,0,0,0,0,0,0,-56,0,-56,-69,0,-60,-59,-59,0,0,-70,0,0,-69,-57,0,0,0,-69,0,0,-64,-59,0,0,-69,0,0,0,0,-56,0,0,-69,-69,-69,-42,0,0,0,-60,0,-70,-56,0,-58,0,0,0
8,6,3,0,0,-61,0,-63,-68,0,0,-64,-61,-61,-61,0,0,-62,-58,0,-69,-62,-62,0,-69,0,-63,-69,0,-63,0,0,0,-62,0,0,0,-64,-67,-67,0,0,0,0,0,0,0,-61,0,-61,-63,0,-61,-63,-62,0,0,-72,-63,-66,-69,-61,0,0,0,-60,0,0,-67,-63,0,0,-69,-63,0,0,0,-62,0,0,-69,-73,-72,-39,0,0,0,-62,0,-61,-61,0,-64,0,0,0
9,6,0,0,0,-61,0,0,-72,0,0,-57,-57,-60,-61,0,0,0,-57,0,-64,-67,-67,0,-71,0,0,-69,0,0,0,0,0,-67,0,0,0,-57,-72,-72,0,0,0,0,0,0,0,-57,0,-56,-61,0,-67,-58,-67,0,0,-65,0,0,-64,-56,0,0,0,-60,0,0,-72,-58,0,0,-68,-63,0,0,0,-57,-63,0,-64,-64,-64,-54,0,0,0,-67,0,-61,-57,0,-58,0,0,0
9,6,1,0,0,-57,0,-72,-62,0,0,-64,-56,-56,-57,0,0,0,-63,0,0,-55,-55,0,-63,0,-70,-63,0,0,0,0,0,-55,0,0,0,-63,-63,-63,0,0,0,0,0,0,0,-58,0,-55,-57,0,-55,-65,-55,0,0,0,-70,0,0,-55,0,0,0,-58,0,0,-63,-63,0,0,-64,0,0,0,0,-53,0,0,0,0,0,-39,0,0,0,-55,0,-57,-56,0,-64,0,0,0
9,6,2,0,0,-68,0,-70,-64,0,0,-56,-56,-68,-57,0,0,-71,-56,0,-71,-67,-68,0,-65,0,-70,-63,0,-71,0,0,0,-67,0,0,0,-57,-65,-64,0,0,0,0,0,0,0,-57,0,-58,-57,0,-67,-56,-67,0,0,-71,-71,0,-71,-57,0,0,0,-68,0,0,-65,-56,0,0,-63,-70,0,0,0,-56,0,0,-71,-71,-71,-48,0,0,0,-66,0,-57,-59,0,-57,0,0,0
9,6,3,0,0,-54,0,-70,-67,0,0,-55,-54,-53,-54,0,0,-71,-55,0,-71,-64,-64,0,-68,0,-71,-68,0,-72,0,0,0,-64,0,0,0,-55,-68,-68,0,0,0,0,0,0,0,-55,0,-58,-55,0,-64,-55,-64,0,0,-71,-71,0,-71,-54,0,-73,0,-54,0,0,-68,-54,0,0,-74,-70,0,0,0,-55,0,0,-71,-71,-71,-36,0,0,0,-64,0,-52,-55,0,-55,0,0,0
10,6,0,0,0,-54,0,-71,0,0,0,-54,-64,-53,-54,0,0,-73,-54,0,-58,-65,-65,0,0,0,-70,-68,0,-70,0,0,0,-65,0,0,0,-53,-68,0,0,0,0,0,0,0,0,-63,0,-64,-65,0,-65,-53,-64,0,0,-58,-71,0,-58,-65,0,-73,0,-65,0,0,0,-53,0,0,-57,-71,0,0,0,-63,-71,0,-59,-58,-57,-52,0,0,0,-64,0,-52,-63,0,-54,0,0,0
10,6,1,0,0,-55,0,-69,-62,0,0,-55,-51,-55,-55,0,0,-69,-55,0,-58,-63,-63,0,-63,0,-70,-61,0,-70,0,0,0,-64,0,0,0,-55,-64,-63,0,0,0,0,0,0,0,-51,0,-51,-54,0,-63,-55,-63,0,0,-71,-71,0,-71,-51,0,-73,0,-55,0,0,-63,-55,0,0,-67,-68,0,0,0,-51,0,0,-59,-71,-71,-53,0,0,0,-63,0,-54,-51,0,-55,0,0,0
10,6,2,0,0,-55,0,0,-59,0,0,-62,-57,-67,-67,0,0,0,-63,0,-69,-66,-66,0,-59,0,0,-59,0,0,0,0,0,-66,0,0,0,-63,-59,-59,0,0,0,0,0,0,0,-57,0,-57,-54,0,-67,-63,-67,0,0,-69,0,0,-69,-57,0,0,0,-67,0,0,-60,-63,0,0,-58,-68,0,0,0,-57,0,0,-68,-68,-68,-53,0,0,0,-67,0,-54,-57,0,-63,0,0,0
10,6,3,0,0,-55,0,-68,-66,0,0,-59,-59,-56,-54,0,0,-70,-63,0,-66,-67,-67,0,-67,0,-70,-66,0,-66,0,0,0,-68,0,0,0,-59,-67,-59,0,0,0,0,0,0,0,-58,0,-59,-57,0,-67,-59,-68,0,0,-67,-70,0,-69,-59,0,0,0,-57,0,0,-64,-59,0,0,-65,-68,0,0,0,-59,0,0,-68,-68,-68,-39,0,0,0,-67,0,-54,-59,0,-58,0,0,0
11,6,0,0,0,-61,0,-71,-65,0,0,-53,-61,-56,-54,0,0,-71,-53,0,-59,-69,-70,0,-65,0,-70,-66,0,-71,0,0,0,-70,0,0,0,-53,-65,-64,0,0,0,0,0,0,0,-61,0,-62,-61,0,-69,-53,-69,0,0,-60,-71,0,-60,-61,0,0,0,-63,0,0,-64,-53,0,0,-57,-71,0,0,0,-61,-71,0,-59,-60,-58,-51,0,0,0,-69,0,-54,-61,0,-53,0,0,0
11,6,1,0,0,-59,0,-70,-67,0,0,-55,-51,-59,-58,0,0,-71,-55,0,-71,-73,-74,0,-67,0,-70,-67,0,-71,0,0,0,-73,0,0,0,-55,-67,-67,0,0,0,0,0,0,0,-51,0,-51,-59,0,-74,-60,-71,0,0,-71,-70,0,-70,-51,0,0,0,-59,0,0,-67,-55,0,0,-60,-71,0,0,0,-51,-71,0,-71,-71,-71,-43,0,0,0,-74,0,-54,-51,0,-53,0,0,0
11,6,2,0,0,-65,0,-74,-63,0,0,-55,-55,-65,-66,0,0,0,-54,0,-67,-66,-66,0,-62,0,-74,-62,0,0,0,0,0,-67,0,0,0,-54,-63,-62,0,0,0,0,0,0,0,-55,0,-55,-65,0,-65,-54,-66,0,0,-67,0,-73,-67,-55,0,0,0,-65,0,0,-61,-55,0,0,-57,0,0,0,0,-55,0,0,-67,-67,-67,-51,0,0,0,-66,0,-65,-55,0,-55,0,0,0
11,6,3,0,0,-52,0,0,-71,0,0,-63,-65,-53,-52,0,0,0,-63,0,-65,-66,-66,0,-70,0,0,-72,0,0,0,0,0,-66,0,0,0,-62,-72,-72,0,0,0,0,0,0,0,-64,0,-65,-51,0,-66,-63,-66,0,0,-66,0,0,-67,-65,0,0,0,-53,0,0,-71,-62,0,0,-62,0,0,0,0,-65,0,0,-67,-66,-67,-39,0,0,0,-65,0,-53,-65,0,-62,0,0,0
12,6,0,0,0,-52,0,0,-69,0,0,-50,-60,-53,-59,0,0,0,-51,0,-64,-68,-68,0,-69,0,0,-69,0,0,0,0,0,-67,0,0,0,-51,-69,-69,0,0,0,0,0,0,0,-59,0,-59,-51,0,-68,-50,-67,0,0,-65,0,-74,-65,-59,0,0,0,-60,0,0,-69,-50,0,0,-53,0,0,0,0,-58,0,0,-65,-67,-65,-49,0,0,0,-66,0,-53,-59,0,-50,0,0,0
12,6,1,0,0,-60,0,0,-69,0,0,-49,-60,-60,-59,0,0,0,-48,0,-62,-62,-69,0,-69,0,0,-69,0,0,0,0,0,-68,0,0,0,-48,-69,-68,0,0,0,0,0,0,0,-59,0,-59,-60,0,-69,-49,-68,0,0,-63,0,0,-62,-59,0,0,0,-60,0,0,-69,-49,0,0,-52,0,0,0,0,-59,0,0,-63,-63,-61,-47,0,0,0,-69,0,-53,-59,0,-50,0,0,0
12,6,2,0,0,-66,0,-73,-62,0,0,-57,-60,-67,-66,0,0,-74,-57,0,-58,-68,-70,0,-69,0,-73,-62,0,-74,0,0,0,-67,0,0,0,-57,-60,-61,0,0,0,0,0,0,0,-60,0,-60,-66,0,-66,-57,-68,0,0,-59,-73,0,-58,-60,0,0,0,-66,0,0,-61,-57,0,0,-49,-74,0,0,0,-60,0,0,-59,-59,-56,-50,0,0,0,-67,0,-66,-60,0,-57,0,0,0
12,6,3,0,0,-66,0,0,-64,0,0,-53,-61,-67,-67,0,0,0,-52,0,-64,-73,-73,0,-64,0,0,-64,0,0,0,0,0,-71,0,0,0,-53,-64,-71,0,0,0,0,0,0,0,-61,0,-61,-66,0,-73,-55,-71,0,0,-63,0,0,-63,-60,0,0,0,-67,0,0,-64,-53,0,0,-53,0,0,0,0,-60,0,0,-64,-64,-63,-46,0,0,0,-73,0,-67,-61,0,-53,0,0,0
13,6,0,0,0,-66,0,0,-68,0,0,-53,-63,-67,-67,0,0,0,-52,0,-62,-71,-70,0,-68,0,0,-64,0,0,0,0,0,-70,0,0,0,-54,-68,-68,0,0,0,0,0,0,0,-62,0,-62,-69,0,-69,-53,-70,0,0,-63,0,0,-62,-62,0,0,0,-67,0,0,-67,-53,0,0,-45,0,0,0,0,-62,0,0,-62,-63,-63,-48,0,0,0,-69,0,-67,-62,0,-52,0,0,0
13,6,1,0,0,-61,0,-73,-64,0,0,-54,-64,-61,-61,0,0,-72,-54,0,-64,-74,0,0,-64,0,-73,-64,0,-74,0,0,0,-74,0,0,0,-53,-68,-64,0,0,0,0,0,0,0,-62,0,-63,-61,0,-74,-54,-74,0,0,-65,-73,0,-64,-62,0,0,0,-61,0,0,-65,-53,0,0,-59,-73,0,0,0,-63,0,0,-64,-65,-65,-47,0,0,0,-74,0,-61,-61,0,-54,0,0,0
13,6,2,0,0,-61,0,0,-64,0,0,-50,-66,-61,-61,0,0,0,-50,0,-62,-61,-61,0,-64,0,-73,-65,0,0,0,0,0,-60,0,0,0,-49,-65,-66,0,0,0,0,0,0,0,-66,0,-67,-61,0,-60,-51,-61,0,0,-62,-73,0,-62,-66,0,0,0,-61,0,0,-64,-50,0,0,-48,0,0,0,0,-66,0,0,-60,-61,-65,-55,0,0,0,-61,0,-61,-67,0,-51,0,0,0
13,6,3,0,0,-58,0,-74,-66,0,0,-63,-65,-58,-58,0,0,-74,-64,0,-61,-67,-66,0,-67,0,-74,-65,0,0,0,0,0,-67,0,0,0,-63,-65,-66,0,0,0,0,0,0,0,-65,0,-65,-58,0,-66,-64,-66,0,0,-58,-74,0,-59,-65,0,0,0,-58,0,0,-65,-64,0,0,-41,-74,0,0,0,-65,-74,0,-59,-58,-59,-51,0,0,0,-67,0,-56,-65,0,-62,0,0,0
7,7,0,0,0,-71,0,-74,-64,0,0,-54,-60,-71,-70,0,0,-73,-65,0,-62,-55,-52,0,-63,0,-73,-63,0,-73,0,0,0,-55,0,0,0,-66,-63,-63,0,0,0,0,0,0,0,-61,0,-60,-57,0,-55,-54,-55,0,0,-61,-65,-73,-61,-60,0,-71,0,-71,0,0,-63,-65,0,0,-66,-73,0,0,0,-59,0,0,-61,-62,-61,-51,0,0,0,-55,0,-70,-60,0,-54,0,0,0
7,7,1,0,0,-57,0,-71,-67,0,0,-63,-67,-55,-57,0,0,-70,-60,0,-62,-55,-55,0,-65,0,-70,-67,0,-71,0,0,0,-55,0,0,0,-60,-67,-67,0,0,0,0,0,0,0,-67,0,-67,-57,0,-55,-61,-55,0,0,-61,-71,-73,-71,-69,0,0,0,-57,0,0,-66,-60,0,0,-67,-71,0,0,0,-68,0,0,-61,-62,-61,-48,0,0,0,-55,0,-58,-68,0,-60,0,0,0
7,7,2,0,0,-64,0,-71,-53,0,0,-56,-59,-55,-65,0,0,-73,-56,0,-72,-64,-64,0,-53,0,-72,-53,0,-73,0,0,0,-64,0,0,0,-55,-54,-53,0,0,0,0,0,0,0,-57,0,-58,-64,0,-64,-56,-64,0,0,-72,-73,0,-72,-58,0,0,0,-64,0,0,-53,-55,0,0,-64,-73,0,0,0,-58,-72,0,-73,-72,-61,-49,0,0,0,-64,0,-64,-56,0,-56,0,0,0
7,7,3,0,0,-64,0,-63,-59,0,0,-56,-63,-64,-64,0,0,-62,-57,0,-71,-47,-47,0,-59,0,-64,-59,0,-63,0,0,0,-48,0,0,0,-56,-59,-59,0,0,0,0,0,0,0,-57,0,-63,-64,0,-47,-57,-48,0,0,-71,-64,0,-72,-58,0,0,0,-64,0,0,-59,-56,0,0,-63,-62,0,0,0,-58,0,0,-72,-71,0,-51,0,0,0,-48,0,-64,-62,0,-56,0,0,0
8,7,0,0,0,-61,0,-71,-63,0,0,-58,-60,-55,-60,0,0,-73,-57,0,-69,-61,-61,0,-64,0,0,-63,0,-73,0,0,0,-61,0,0,0,-56,-64,-64,0,0,0,0,0,0,0,-61,0,-61,-55,0,-61,-57,-61,0,0,-69,-73,-58,-69,-61,0,0,0,-65,0,0,-63,-56,0,0,-64,-73,0,0,0,-61,0,0,-69,-68,-67,-46,0,0,0,-62,0,-57,-60,0,-56,0,0,0
8,7,1,0,0,-57,0,-67,-63,0,0,-60,-61,-57,-56,0,0,-67,-62,0,-70,-59,-59,0,-63,0,-67,-63,0,-67,0,0,0,-59,0,0,0,-62,-63,-63,0,0,0,0,0,0,0,-59,0,-61,-58,0,-59,-57,-59,0,0,-69,-66,0,-70,-61,0,0,0,-57,0,0,-63,-56,0,0,-69,-67,0,0,0,-61,0,0,-69,-71,-67,-42,0,0,0,-59,0,-57,-61,0,-56,0,-71,0
8,7,2,0,0,-67,0,0,-60,0,0,-55,-60,-68,-67,0,0,0,-56,0,-71,-68,-68,0,-59,0,0,-59,0,0,0,0,0,-68,0,0,0,-55,-59,-59,0,0,0,0,0,0,0,-60,0,-60,-67,0,-69,-55,-68,0,0,-71,0,0,-72,-60,0,0,0,-67,0,0,-59,-55,0,0,-63,0,0,0,0,-60,0,0,-71,-69,-69,-47,0,0,0,-67,0,-67,-60,0,-55,0,-71,0
8,7,3,0,0,-63,0,-65,-61,0,0,-58,-55,-63,-63,0,0,-65,-58,0,-71,-64,-64,0,-61,0,-66,-61,0,-65,0,0,0,-64,0,0,0,-57,-61,-61,0,0,0,0,0,0,0,-55,0,-55,-62,0,-64,-58,-64,0,0,-71,-65,0,-74,-55,0,-74,0,-61,0,0,-61,-57,0,0,-59,-66,0,0,0,-55,0,0,-74,-74,-74,-45,0,0,0,-65,0,-62,-55,0,-57,0,0,0
9,7,0,0,0,-63,0,0,-63,0,0,-54,-64,-63,-63,0,0,0,-54,0,-60,-65,-65,0,-61,0,0,-61,0,0,0,0,0,-65,0,0,0,-53,-63,-61,0,0,0,0,0,0,0,-64,0,-64,-63,0,-65,-54,-65,0,0,-59,0,0,-59,-64,0,-74,0,-63,0,0,-61,-54,0,0,-58,-73,0,0,0,-65,-71,0,-60,-60,-61,-51,0,0,0,-65,0,-62,-63,0,-54,0,0,0
9,7,1,0,0,-61,0,-65,-58,0,0,-57,-51,-63,-61,0,0,-65,-57,0,-72,-71,-71,0,-60,0,-64,-60,0,-64,0,0,0,-72,0,0,0,-56,-59,-59,0,0,0,0,0,0,0,-51,0,-51,-61,0,-68,-57,-72,0,0,-59,-64,0,-72,-51,0,0,0,-61,0,0,-60,-57,0,0,-64,-64,0,0,0,-51,-71,0,-73,-73,-73,-46,0,0,0,-71,0,-61,-51,0,-57,0,0,0
9,7,2,0,0,-61,0,-65,-68,0,0,-55,-54,-68,-61,0,0,-74,-54,0,-69,-61,-61,0,-68,0,-64,-67,0,-73,0,0,0,-61,0,0,0,-54,-67,-69,0,0,0,0,0,0,0,-53,0,-53,-70,0,-61,-54,-61,0,0,-59,-73,-74,-72,-59,0,0,0,-61,0,0,-68,-54,0,0,-66,-64,0,0,0,-53,-71,0,-71,-70,-73,-46,0,0,0,-60,0,-61,-53,0,-55,0,0,0
9,7,3,0,0,-61,0,-62,-69,0,0,-58,-57,-63,-61,0,0,-61,-58,0,-70,-63,-63,0,-68,0,-62,-67,0,-62,0,0,0,-63,0,0,0,-57,-68,-69,0,0,0,0,0,0,0,-57,0,-57,-64,0,-63,-58,-63,0,0,0,-61,-74,-70,-57,0,0,0,-61,0,0,-68,-58,0,0,-63,-62,0,0,0,-57,-71,0,-71,-69,0,-43,0,0,0,-63,0,-64,-58,0,-58,0,0,0
10,7,0,0,0,-57,0,-71,-69,0,0,-57,-51,-58,-54,0,0,-71,-58,0,-62,-64,-64,0,-70,0,-72,-65,0,-71,0,0,0,-64,0,0,0,-57,-69,-60,0,0,0,0,0,0,0,-51,0,-51,-57,0,-64,-57,-65,0,0,-63,-71,-74,-62,-51,0,0,0,-57,0,0,-60,-56,0,0,-57,-71,0,0,0,-51,-74,0,-62,-62,-62,-38,0,0,0,-64,0,-57,-51,0,-57,0,0,0
10,7,1,0,0,-58,0,-71,-61,0,0,-55,-59,-55,-57,0,0,-71,-55,0,-62,-61,-61,0,-61,0,-71,-61,0,-72,0,0,0,-58,0,0,0,-55,-61,-62,0,0,0,0,0,0,0,-59,0,-59,-59,0,-61,-55,-61,0,0,-68,-71,0,-67,-59,0,0,0,-53,0,0,-62,-55,0,0,-64,-71,0,0,0,-58,0,0,-62,-69,-68,-43,0,0,0,-61,0,-57,-59,0,-55,0,0,0
10,7,2,0,0,-61,0,0,-64,0,0,-57,-53,-55,-61,0,0,0,-57,0,-62,-66,-66,0,-64,0,0,-64,0,0,0,0,0,-66,0,0,0,-57,-64,-63,0,0,0,0,0,0,0,-53,0,-53,-59,0,-65,-57,-66,0,0,-63,-71,0,-62,-53,0,0,0,-53,0,0,-62,-57,0,0,-61,0,0,0,0,-53,0,0,-62,-62,-62,-42,0,0,0,-65,0,-57,-53,0,-57,0,0,0
10,7,3,0,0,-63,0,-73,-69,0,0,-64,-53,-63,-63,0,0,-73,-65,0,0,-70,-70,0,-69,0,-73,-68,0,-73,0,0,0,-70,0,0,0,-65,-68,-68,0,0,0,0,0,0,0,-53,0,-53,-63,0,-70,-64,-70,0,0,-71,-74,0,-62,-53,0,0,0,-63,0,0,-69,-64,0,0,-65,-73,0,0,0,-53,0,0,-71,-62,-71,-43,0,0,0,-70,0,-63,-53,0,-63,0,0,0
11,7,0,0,0,-63,0,0,-69,0,0,-56,-55,-63,-63,0,0,0,-56,0,-63,-64,-64,0,-68,0,0,-69,0,-73,0,0,0,-63,0,0,0,-56,-69,-68,0,0,0,0,0,0,0,-55,0,-55,-63,0,-64,-56,-64,0,0,-63,0,-74,-63,-55,0,0,0,-62,0,0,-69,-56,0,0,-51,-73,0,0,0,-54,0,0,-63,-62,-63,-52,0,0,0,-64,0,-63,-55,0,-56,0,0,0
11,7,1,0,0,-53,0,0,-66,0,0,-58,-62,-54,-54,0,0,-70,-58,0,-70,-70,-69,0,-66,0,-68,-67,0,-70,0,0,0,-71,0,0,0,-56,-67,-67,0,0,0,0,0,0,0,-61,0,-62,-53,0,-70,-58,-70,0,0,-71,-69,-74,-70,-62,0,0,0,-52,0,0,-69,-58,0,0,-53,0,0,0,0,-61,0,0,-70,-62,-63,-47,0,0,0,-69,0,-53,-62,0,-57,0,0,0
11,7,2,0,0,-67,0,-72,-65,0,0,-58,-55,-54,-67,0,0,-72,-58,0,-72,-70,-63,0,-66,0,-72,-65,0,-72,0,0,0,-63,0,0,0,-58,-66,-66,0,0,0,0,0,0,0,-54,0,-55,-67,0,-63,-60,-63,0,0,-73,-72,-74,-73,-55,0,0,0,-67,0,0,-66,-58,0,0,-56,-72,0,0,0,-55,-72,0,-73,-73,-73,-47,0,0,0,-63,0,-67,-55,0,-61,0,0,0
11,7,3,0,0,-56,0,0,-66,0,0,-59,-55,-56,-56,0,0,0,-59,0,-61,-70,0,0,-66,0,0,-67,0,0,0,0,0,-63,0,0,0,-59,-66,-67,0,0,0,0,0,0,0,-56,0,-57,-56,0,0,-59,-63,0,0,-63,0,0,-63,-57,0,0,0,-56,0,0,-66,-59,0,0,-61,0,0,0,0,-55,-72,0,-63,-62,-63,-57,0,0,0,0,0,-56,-56,0,-61,0,0,0
12,7,0,0,0,-66,0,0,-62,0,0,-57,-66,-66,-68,0,0,0,-58,0,-55,-70,-69,0,-63,0,0,-61,0,0,0,0,0,-70,0,0,0,-58,-62,-62,0,0,0,0,0,0,0,-67,0,-67,-67,0,-69,-57,-69,0,0,-54,0,0,-56,-66,0,0,0,-67,0,0,-63,-59,0,0,-53,0,0,0,0,-66,-72,0,-56,-56,-55,-51,0,0,0,-70,0,-66,-66,0,-59,0,0,0
12,7,1,0,0,-66,0,0,-70,0,0,-55,-55,-66,-66,0,0,0,-56,0,-62,0,0,0,-69,0,-74,-68,0,0,0,0,0,0,0,0,0,-55,-68,-69,0,0,0,0,0,0,0,-55,0,-55,-66,0,-69,-56,0,0,0,-64,0,0,-64,-55,0,0,0,-67,0,0,-68,-55,0,0,-55,-74,0,0,0,-55,-72,0,-65,-64,-64,-51,0,0,0,0,0,-66,-60,0,-55,0,0,0
12,7,2,0,0,-66,0,0,-66,0,0,-54,-60,-59,-61,0,0,0,-55,0,-63,-64,-64,0,-67,0,0,-67,0,0,0,0,0,-64,0,0,0,-54,-66,-66,0,0,0,0,0,0,0,-59,0,-59,-60,0,-64,-54,-65,0,0,-63,0,0,-62,-59,0,0,0,-60,0,0,-68,-55,0,0,-54,0,0,0,0,-59,-72,0,-63,-63,-61,-55,0,0,0,-65,0,-59,-59,0,-54,0,0,0
12,7,3,0,0,-61,0,0,-71,0,0,-58,-60,-61,-61,0,0,0,-58,0,0,-67,-67,0,-71,0,0,-70,0,0,0,0,0,-67,0,0,0,-58,-71,-74,0,0,0,0,0,0,0,-62,0,-62,-61,0,-67,-59,-67,0,0,-66,0,0,0,-62,0,-74,0,-62,0,0,-74,-58,0,0,-66,0,0,0,0,-62,-72,0,0,0,0,-49,0,0,0,-67,0,-59,-62,0,-59,0,0,0
7,8,0,0,0,-61,0,0,-61,0,0,-55,-59,-70,-58,0,0,-70,-56,0,-74,-69,-69,0,-62,0,0,-62,0,-74,0,0,0,-70,0,0,0,-56,-61,-62,0,0,0,0,0,0,0,-59,0,-58,-62,0,-69,-56,-69,0,0,-73,0,0,-74,-59,0,0,0,-62,0,0,-62,-55,0,0,-61,0,0,0,0,-57,0,0,-73,-72,-74,-51,0,0,0,-69,0,-69,-59,0,-55,0,0,0
7,8,1,0,0,-61,0,0,-55,0,0,-63,-59,-60,-61,0,0,0,-56,0,0,-63,-62,0,-55,0,0,-55,0,0,0,0,0,-62,0,0,0,-63,-55,-55,0,0,0,0,0,0,0,-59,0,-59,-61,0,-62,-61,-62,0,0,0,0,0,0,-59,0,0,0,-61,0,0,-55,-63,0,0,-69,0,0,0,0,-59,0,0,0,0,0,-49,0,0,0,-62,0,-61,-59,0,-63,0,0,0
7,8,2,0,0,-64,0,0,-49,0,0,-59,-61,-60,-61,0,0,0,-59,0,0,-68,-69,0,-49,0,0,-49,0,0,0,0,0,-68,0,0,0,-59,-49,-49,0,0,0,0,0,0,0,-61,0,-62,-61,0,-67,-59,-68,0,0,0,0,0,0,-61,0,0,0,-61,0,0,-49,-58,0,0,-64,0,0,0,0,-61,0,0,0,0,0,-47,0,0,0,-68,0,-65,-61,0,-58,0,0,0
7,8,3,0,0,-63,0,0,-61,0,0,-56,-61,-63,-63,0,0,0,-55,0,0,-65,-65,0,-61,0,0,-61,0,0,0,0,0,-65,0,0,0,-57,-61,-62,0,0,0,0,0,0,0,-61,0,-61,-63,0,-65,-56,-65,0,0,0,0,-73,0,-61,0,0,0,-63,0,0,-61,-56,0,0,-69,0,0,0,0,-60,0,0,0,0,0,-47,0,0,0,-65,0,-63,-61,0,-56,0,0,0
8,8,0,0,0,-68,0,0,-67,0,0,-53,-60,-68,-67,0,0,0,-53,0,0,-65,-67,0,-67,0,0,-67,0,0,0,0,0,-66,0,0,0,-54,-67,-67,0,0,0,0,0,0,0,-60,0,-60,-67,0,-66,-53,-66,0,0,0,-74,-71,0,-61,0,0,0,-68,0,0,-67,-59,0,0,-62,0,0,0,0,-60,0,0,-74,0,0,-50,0,0,0,-65,0,-67,-59,0,-53,0,0,0
8,8,1,0,0,-60,0,0,-58,0,0,-58,-62,-62,-62,0,0,-71,-57,0,0,-70,-71,0,-58,0,-71,-58,0,-71,0,0,0,-70,0,0,0,-59,-58,-58,0,0,0,0,0,0,0,-61,0,-62,-67,0,-70,-59,-71,0,0,0,-70,-74,0,-62,0,0,0,-64,0,0,-58,-59,0,0,-69,-71,0,0,0,-61,0,0,0,0,0,-51,0,0,0,-71,0,-62,-62,0,-59,0,0,0
8,8,2,0,0,-67,0,0,-56,0,0,-55,-54,-62,-62,0,0,0,-55,0,0,-70,-69,0,-56,0,0,-55,0,0,0,0,0,-69,0,0,0,-54,-55,-56,0,0,0,0,0,0,0,-53,0,-53,-66,0,-69,-55,-69,0,0,0,0,0,0,-53,0,0,0,-64,0,0,-55,-55,0,0,-61,0,0,0,0,-53,-74,0,0,0,0,-50,0,0,0,-69,0,-67,-54,0,-55,0,0,0
8,8,3,0,0,-61,0,0,-66,0,0,-60,-58,-60,-61,0,0,-74,-55,0,0,-71,-71,0,-65,0,0,-65,0,0,0,0,0,-71,0,0,0,-59,-65,-65,0,0,0,0,0,0,0,-58,0,-58,-60,0,-69,-59,-71,0,0,0,0,0,0,-58,0,0,0,-61,0,0,-65,-59,0,0,-65,-74,0,0,0,-61,0,0,0,0,0,-59,0,0,0,-72,0,-60,-58,0,-55,0,0,0
9,8,0,0,0,-61,0,-69,-66,0,0,-58,-51,-60,-72,0,0,-69,-58,0,0,-70,-70,0,-65,0,-69,-65,0,-67,0,0,0,-70,0,0,0,-58,-65,-65,0,0,0,0,0,0,0,-52,0,-51,-56,0,-70,-58,-70,0,0,0,0,0,-72,-51,0,0,0,-61,0,0,-64,-59,0,0,-57,-68,0,0,0,-51,-67,0,0,-72,-73,-41,0,0,0,-72,0,-57,-52,0,-58,0,0,0
9,8,1,0,0,0,0,-62,-61,0,0,-55,-57,-55,-69,0,0,-61,-55,0,-74,-65,-65,0,-62,0,-62,-62,0,-61,0,0,0,-65,0,0,0,-55,-62,-62,0,0,0,0,0,0,0,-57,0,-57,-56,0,-66,-55,-65,0,0,-74,-62,0,-74,-58,0,0,0,0,0,0,-62,-55,0,0,-60,-62,0,0,0,-57,-67,0,0,0,-74,-47,0,0,0,-65,0,-57,-57,0,-55,0,0,0
9,8,2,0,0,-63,0,-69,-57,0,0,-71,-52,-62,-63,0,0,-69,-73,0,-70,-64,-64,0,-57,0,-69,-58,0,-69,0,0,0,-64,0,0,0,-71,-58,-58,0,0,0,0,0,0,0,-53,0,-52,-63,0,-65,-73,-63,0,0,-73,-68,0,-70,-51,0,0,0,-63,0,0,-56,-72,0,0,-61,-69,0,0,0,-51,-73,0,-73,-73,-73,-50,0,0,0,-64,0,-63,-53,0,-71,0,0,0
9,8,3,0,0,-60,0,-70,-68,0,0,-73,-61,-60,-60,0,0,-68,-73,0,-70,-71,-71,0,-67,0,-71,-68,0,-69,0,0,0,-71,0,0,0,0,-68,-68,0,0,0,0,0,0,0,-60,0,-61,-60,0,-71,-73,-71,0,0,-72,-68,0,-70,-61,0,0,0,-60,0,0,-66,-73,0,0,-72,-71,0,0,0,-61,0,0,-73,-72,-71,-57,0,0,0,-71,0,-59,-61,0,-72,0,0,0
10,8,0,0,0,-58,0,-70,-67,0,0,-60,-66,-59,-59,0,0,-68,-60,0,-59,0,0,0,-67,0,-71,-67,0,-69,0,0,0,0,0,0,0,-61,-67,-66,0,0,0,0,0,0,0,-67,0,-66,-57,0,0,-60,0,0,0,-59,0,0,-58,-67,0,0,0,-59,0,0,-66,-73,0,0,-59,-71,0,0,0,-67,0,0,-59,-58,-59,-63,0,0,0,0,0,-59,-67,0,-60,0,0,0
10,8,1,0,0,-58,0,-73,-61,0,0,-51,-58,-59,-60,0,0,-72,-52,0,-64,-71,-71,0,-60,0,0,-62,0,-73,0,0,0,-71,0,0,0,-52,-63,-63,0,0,0,0,0,0,0,-58,0,-59,-57,0,-70,-52,-71,0,0,-59,0,0,-64,-58,0,0,0,-59,0,0,-63,-51,0,0,-74,-73,0,0,0,-59,0,0,-63,-63,-59,-58,0,0,0,-71,0,-59,-59,0,-52,0,0,0
10,8,2,0,0,-58,0,0,-61,0,0,-56,-55,-63,-63,0,0,0,-56,0,-71,-69,-69,0,-62,0,0,-61,0,0,0,0,0,-70,0,0,0,-55,-61,-62,0,0,0,0,0,0,0,-54,0,-55,-57,0,-70,-56,-71,0,0,-71,0,0,-71,-54,0,0,0,-63,0,0,-62,-56,0,0,-60,0,0,0,0,-54,0,0,-71,-71,-71,-64,0,0,0,-70,0,-59,-55,0,-56,0,0,0
10,8,3,0,0,-54,0,0,-61,0,0,-56,-59,-55,-55,0,0,0,-56,0,-71,0,0,0,-61,0,0,-61,0,0,0,0,0,0,0,0,0,-56,-61,-61,0,0,0,0,0,0,0,-59,0,-59,-53,0,0,-57,0,0,0,-70,0,0,-70,-58,0,0,0,-54,0,0,-62,-56,0,0,-69,0,0,0,0,-58,0,0,-70,-71,-70,-58,0,0,0,0,0,-54,-59,0,-56,0,0,0
11,8,0,0,0,-54,0,0,-61,0,0,-53,-52,-55,-65,0,0,0,-53,0,-59,0,0,0,-61,0,0,-61,0,0,0,0,0,0,0,0,0,-53,-61,-61,0,0,0,0,0,0,0,-51,0,-51,-64,0,0,-53,0,0,0,-59,0,0,-59,-52,0,0,0,-54,0,0,-61,-53,0,0,-64,0,0,0,0,-52,0,0,-59,-58,-59,-70,0,0,0,0,0,-54,-52,0,-53,0,0,0
11,8,1,0,0,-54,0,-73,-61,0,0,-54,-49,-65,-65,0,0,-73,-54,0,-69,0,0,0,-63,0,-73,-61,0,-73,0,0,0,0,0,0,0,-57,-62,-62,0,0,0,0,0,0,0,-49,0,-49,-64,0,0,-54,0,0,0,-59,-73,0,-68,-49,0,0,0,-54,0,0,-63,-54,0,0,-48,-73,0,0,0,-49,0,0,-59,-68,-66,-60,0,0,0,0,0,-64,-49,0,-55,0,0,0
11,8,2,0,0,-63,0,0,-58,0,0,-52,-57,-65,-65,0,0,0,-52,0,-64,0,-73,0,-61,0,0,-61,0,0,0,0,0,-74,0,0,0,-51,-59,-61,0,0,0,0,0,0,0,-58,0,-57,-66,0,-73,-53,-74,0,0,-64,0,0,-64,-57,0,0,0,-65,0,0,-60,-52,0,0,-54,0,0,0,0,-57,0,0,-64,-64,-65,-57,0,0,0,-73,0,-66,-57,0,-52,0,0,0
11,8,3,0,0,-59,0,0,-68,0,0,-54,-49,-59,-60,0,0,0,-54,0,-61,0,0,0,-68,0,0,-68,0,0,0,0,0,-74,0,0,0,-53,-68,-68,0,0,0,0,0,0,0,-49,0,-49,-60,0,-73,-52,0,0,0,-61,0,0,-61,-53,0,0,0,-65,0,0,-68,-52,0,0,-58,0,0,0,0,-49,0,0,-61,-61,-61,-60,0,0,0,0,0,-58,-49,0,-53,0,0,0
12,8,0,0,0,-59,0,0,-58,0,0,-54,-62,-64,-64,0,0,0,-52,0,-61,-73,-72,0,-58,0,0,-59,0,0,0,0,0,-72,0,0,0,-53,-59,-59,0,0,0,0,0,0,0,-62,0,-63,-60,0,-72,-52,-73,0,0,-56,0,0,-56,-61,0,0,0,-64,0,0,-58,-52,0,0,-55,0,0,0,0,-62,0,0,-56,-56,-56,-60,0,0,0,-73,0,-58,-61,0,-53,0,0,0
12,8,1,0,0,-60,0,0,-66,0,0,-51,-55,-60,-60,0,0,0,-51,0,-60,-74,0,0,-66,0,0,-59,0,0,0,0,0,0,0,0,0,-54,-66,-66,0,0,0,0,0,0,0,-55,0,-56,-60,0,-74,-50,0,0,0,-59,0,0,-60,-55,0,0,0,-60,0,0,-66,-51,0,0,-49,0,0,0,0,-55,0,0,-61,-60,-59,-61,0,0,0,-74,0,-60,-55,0,-51,0,0,0
12,8,2,0,0,-67,0,0,-59,0,0,-53,-61,-60,-60,0,0,0,-53,0,-63,0,0,0,-66,0,0,-61,0,0,0,0,0,0,0,0,0,-53,-60,-61,0,0,0,0,0,0,0,-62,0,-62,-67,0,0,-53,0,0,0,-59,0,0,-63,-62,0,0,0,-60,0,0,-61,-53,0,0,-61,0,0,0,0,-62,0,0,-61,-60,-59,-60,0,0,0,-74,0,-60,-61,0,-53,0,0,0
12,8,3,0,0,-61,0,0,-63,0,0,-53,-65,-57,-61,0,0,0,-52,0,-58,0,0,0,-64,0,0,-63,0,0,0,0,0,0,0,0,0,-53,-63,-63,0,0,0,0,0,0,0,-64,0,-64,-61,0,0,-51,0,0,0,-56,0,0,-58,-65,0,0,0,-61,0,0,-64,-51,0,0,-55,0,0,0,0,-64,0,0,-58,-57,-57,-53,0,0,0,0,0,-60,-64,0,-51,0,0,0
13,8,0,0,0,-61,0,0,-71,0,0,-57,-64,-70,-69,0,0,0,-57,0,-53,0,0,0,-71,0,0,-71,0,-74,0,0,0,0,0,0,0,-57,-71,-72,0,0,0,0,0,0,0,-65,0,-62,-61,0,0,-57,0,0,0,-51,-74,0,-53,-65,0,0,0,-70,0,0,-72,-57,0,0,-63,0,0,0,0,-65,0,0,-51,-53,-51,-57,0,0,0,0,0,-60,-65,0,-57,0,0,0
13,8,1,0,0,-63,0,0,-69,0,0,-55,-59,-63,-63,0,0,0,-54,0,-68,-73,-72,0,-71,0,0,-71,0,0,0,0,0,-74,0,0,0,-54,0,-70,0,0,0,0,0,0,0,-57,0,-59,-63,0,-72,-53,-73,0,0,-69,-74,0,-68,-59,0,0,0,-64,0,0,-71,-54,0,0,-49,0,0,0,0,-59,0,0,-51,-68,-69,-56,0,0,0,-73,0,-63,-58,0,-52,0,0,0
13,8,2,0,0,-63,0,0,-66,0,0,-57,-71,-63,-63,0,0,0,-57,0,-61,-69,-69,0,-66,0,0,-66,0,0,0,0,0,-70,0,0,0,-57,-66,-66,0,0,0,0,0,0,0,-70,0,-71,-63,0,-70,-58,-69,0,0,-61,0,0,-61,-72,0,0,0,-64,0,0,-66,-58,0,0,-64,0,0,0,0,-70,-74,0,-61,-61,-61,-57,0,0,0,-69,0,-66,-70,0,-58,0,0,0
13,8,3,0,0,-62,0,0,-71,0,0,-50,-67,-63,-63,0,0,0,-50,0,-61,0,0,0,-66,0,0,-70,0,0,0,0,0,0,0,0,0,-50,-71,-71,0,0,0,0,0,0,0,-67,0,-67,-61,0,0,-50,0,0,0,-60,0,0,-60,-67,0,0,0,-62,0,0,-72,-49,0,0,-59,0,0,0,0,-67,-74,0,-61,-60,-60,-57,0,0,0,0,0,-63,-67,0,-50,0,0,0
9,9,3,0,0,-66,0,0,-68,0,0,-64,-59,-66,-65,0,0,0,-62,0,-70,0,0,0,-69,0,0,-69,0,0,0,0,0,0,0,0,0,-64,-68,-68,0,0,0,0,0,0,0,-59,0,-59,-65,0,0,-60,0,0,0,-70,-73,0,-70,-59,0,0,0,-65,0,0,-69,-61,0,0,-66,0,0,0,0,-59,0,0,-68,-70,-70,-59,0,0,0,0,0,-65,-59,0,-60,0,0,0
9,9,0,0,0,-63,0,0,-67,0,0,-64,-60,-63,-63,0,0,0,-63,0,-70,0,0,0,-65,0,0,-68,0,-70,0,0,0,0,0,0,0,-64,-67,-66,0,0,0,0,0,0,0,-60,0,-60,-61,0,0,-64,0,0,0,-73,0,0,-70,-60,0,0,0,-61,0,0,-66,-64,0,0,-69,0,0,0,0,-59,0,0,-73,-73,-70,-59,0,0,0,0,0,-63,-59,0,-64,0,0,0
9,9,1,0,0,-63,0,-71,-68,0,0,-64,-59,-63,-62,0,0,-73,-63,0,0,0,0,0,-69,0,-73,-68,0,-73,0,0,0,0,0,0,0,-64,-70,-67,0,0,0,0,0,0,0,-59,0,-59,-63,0,0,-64,-74,0,0,0,-73,0,0,-59,0,-71,0,-63,0,0,-70,-64,0,0,-72,0,0,0,0,-59,0,0,0,-73,-70,-59,0,0,0,0,0,-63,-59,0,-64,0,0,0
9,9,2,0,0,-64,0,0,-67,0,0,-67,-62,-64,-64,0,0,0,-67,0,-73,0,0,0,-67,0,0,-67,0,0,0,0,0,0,0,0,0,-67,-67,-68,0,0,0,0,0,0,0,-62,0,-63,-64,0,0,-67,0,0,0,-74,0,0,-74,-63,0,0,0,-64,0,0,-67,-68,0,0,-72,0,0,0,0,-63,0,0,-73,-74,-73,-58,0,0,0,0,0,-64,-63,0,-67,0,0,0
1,3,0,0,0,-69,0,0,-66,0,-73,-70,0,-69,-69,0,0,0,-70,0,0,0,0,0,-66,0,0,-67,0,0,0,0,0,0,0,0,0,-70,-67,-67,0,0,0,0,0,0,0,0,0,0,-70,0,0,-70,0,0,0,0,0,0,0,0,0,0,0,-55,0,0,-67,-70,0,0,0,0,0,0,0,0,0,0,0,0,0,0,0,0,0,0,0,-69,0,0,-71,-74,0,0
1,3,1,0,0,-69,0,0,-72,0,0,0,0,-69,-69,0,0,0,0,0,0,0,0,0,-72,0,0,-72,0,0,0,0,0,0,0,0,0,0,-72,-73,0,0,0,0,0,0,0,0,0,0,0,0,0,0,0,0,0,0,0,0,0,0,0,0,0,0,0,0,-73,0,0,0,0,0,0,0,0,0,0,0,0,0,0,0,0,0,0,0,0,-69,0,0,0,0,0,0
1,3,2,0,0,-74,0,0,0,0,0,0,0,-69,-69,0,0,0,0,0,0,0,0,0,0,0,0,0,0,0,0,0,0,0,0,0,0,0,0,0,0,0,0,0,0,0,0,0,0,0,-74,0,0,0,0,0,0,0,0,0,0,0,0,0,0,-74,0,0,0,0,0,0,0,0,0,0,0,0,0,0,0,0,0,0,0,0,0,0,0,-74,0,0,0,0,0,0
1,3,3,0,0,-68,0,0,-70,0,0,0,0,-69,-69,0,0,0,0,0,0,0,0,0,-70,0,0,-70,0,0,0,0,0,0,0,0,0,0,-70,-70,0,0,0,0,0,0,0,0,0,0,-69,0,0,0,0,0,0,0,0,0,0,0,0,0,0,-68,0,0,-70,0,0,0,0,0,0,0,0,0,0,0,0,0,0,0,0,0,0,0,0,-69,0,0,0,0,0,0
1,4,0,0,0,-68,0,0,-71,0,0,0,0,0,0,0,0,0,0,0,0,-73,-73,0,-71,0,0,-71,0,0,0,0,0,-72,0,0,0,0,-71,-71,0,0,0,0,0,0,0,0,0,0,-73,0,-73,0,-73,0,0,0,0,0,0,0,0,0,0,-72,0,0,-71,0,0,0,0,0,0,0,0,0,0,0,0,0,0,0,0,0,0,-73,0,0,0,0,0,0,0,0
1,4,1,0,0,-68,0,0,-73,0,0,0,0,-68,-68,0,0,0,0,0,0,-73,0,0,-73,0,0,-72,0,0,0,0,0,-72,0,0,0,0,-73,-73,0,0,0,0,0,0,0,0,0,0,-67,0,-74,0,0,0,0,0,0,0,0,0,0,0,0,-69,0,0,-72,0,0,0,0,0,0,0,0,0,0,0,0,0,0,0,0,0,0,0,0,-69,0,0,0,0,0,0
1,4,2,0,0,-72,0,0,-67,0,0,0,0,-68,-68,0,0,0,0,0,0,0,0,0,-67,0,0,-66,0,0,0,0,0,0,0,0,0,0,-66,-67,0,0,0,0,0,0,0,0,0,0,-73,0,-74,0,0,0,0,0,0,0,0,0,0,0,0,-69,0,0,-67,0,0,0,0,0,0,0,0,0,0,0,0,0,0,0,0,0,0,0,0,-73,0,0,0,0,0,0
1,4,3,0,0,0,0,0,0,0,0,0,0,-68,-68,0,0,0,-74,0,0,0,0,0,0,0,0,0,0,0,0,0,0,0,0,0,0,-74,0,0,0,0,0,0,0,0,0,0,0,0,0,0,0,0,0,0,0,0,0,0,0,0,0,0,0,-69,0,0,0,-74,0,0,0,0,0,0,0,0,0,0,0,0,0,0,0,0,0,0,0,0,0,0,-74,0,0,0
1,5,0,0,0,0,0,0,-69,0,0,0,0,-72,0,0,0,0,-74,0,0,-71,-71,0,-69,0,0,-69,0,0,0,0,0,-72,0,0,0,-74,-69,-70,0,0,0,0,0,0,0,0,0,0,-72,0,-71,0,-71,0,0,0,0,0,0,0,0,0,0,-72,0,0,-69,-74,0,0,0,0,0,0,0,0,0,0,0,0,0,-74,0,0,0,-71,0,-72,0,0,-74,0,0,0
1,5,1,0,0,-74,0,0,-64,0,0,0,0,-72,0,0,0,0,0,0,0,-70,-70,0,-63,0,0,-64,0,0,0,0,0,-71,0,0,0,0,-63,-63,0,0,0,0,0,0,0,0,0,0,-73,0,-70,0,-71,0,0,0,0,0,0,0,0,0,0,-73,0,0,-63,0,0,0,0,0,0,0,0,0,0,0,0,0,0,0,0,0,0,-70,0,-72,0,0,0,0,0,0
1,5,2,0,0,0,0,0,-64,0,0,0,0,-72,0,0,0,0,0,0,0,0,0,0,-64,0,0,-64,0,0,0,0,0,0,0,0,0,0,-65,-64,0,0,0,0,0,0,0,0,0,0,-73,0,0,0,0,0,0,0,0,0,0,0,0,0,0,-73,0,0,-64,0,0,0,0,0,0,0,0,0,0,0,0,0,0,0,0,0,0,0,0,0,0,0,0,0,0,0
1,5,3,0,0,-68,0,0,-66,0,0,0,0,-68,-68,0,0,0,0,0,0,-68,-68,0,-66,0,0,-66,0,0,0,0,0,-67,0,0,0,0,-66,-66,0,0,0,0,0,0,0,0,0,0,-69,0,-68,0,-67,0,0,0,0,0,0,0,0,0,0,-68,0,0,-66,0,0,0,0,0,0,0,0,0,0,0,0,0,0,0,0,0,0,-67,0,-68,0,0,0,0,0,0
1,6,0,0,0,-73,0,0,-63,0,0,0,0,0,0,0,0,0,0,0,0,-72,-73,0,-63,0,0,-63,0,0,0,0,0,-72,0,0,0,0,-63,-63,0,0,0,0,0,0,0,0,0,0,-73,0,-73,0,-72,0,0,0,0,0,0,0,0,0,0,-74,0,0,-63,0,0,0,0,0,0,0,0,0,0,0,0,0,0,0,0,0,0,-72,0,0,0,0,0,0,0,0
1,6,1,0,0,-73,0,0,-66,0,0,0,0,0,0,0,0,0,0,0,0,-69,-69,0,-66,0,0,-67,0,0,0,0,0,-69,0,0,0,0,-67,-67,0,0,0,0,0,0,0,0,0,0,0,0,-69,0,-69,0,0,0,0,0,0,0,0,0,0,0,0,0,-66,0,0,0,0,0,0,0,0,0,0,0,0,0,0,-73,0,0,0,-69,0,0,0,0,0,0,0,0
1,6,2,0,0,0,0,0,-65,0,0,0,0,0,0,0,0,0,0,0,0,-72,-72,0,-65,0,0,-65,0,0,0,0,0,-71,0,0,0,0,-65,-65,0,0,0,0,0,0,0,0,0,0,0,0,-71,0,-71,0,0,0,0,0,0,0,0,0,0,0,0,0,-65,0,0,0,0,0,0,0,0,0,0,0,0,0,0,0,0,0,0,-72,0,0,0,0,0,0,0,0
1,6,3,0,0,-73,0,0,-63,0,0,0,0,-74,-73,0,0,0,0,0,0,-71,-70,0,-63,0,0,-63,0,0,0,0,0,-71,0,0,0,0,-63,-63,0,0,0,0,0,0,0,0,0,0,-73,0,-71,0,-71,0,0,0,0,0,0,0,0,0,0,-73,0,0,-63,0,0,0,0,0,0,0,0,0,0,0,0,0,0,0,0,0,0,-70,0,-73,0,0,0,0,0,0
1,7,0,0,0,-73,0,0,-51,0,0,0,0,0,-73,0,0,0,0,0,0,-72,-71,0,-51,0,0,-51,0,0,0,0,0,-71,0,0,0,0,-51,-52,0,0,0,0,0,0,0,0,0,0,0,0,-72,0,-72,0,0,0,0,0,0,0,0,0,0,0,0,0,-51,0,0,0,0,0,0,0,0,0,0,0,0,0,0,0,0,0,0,-71,0,-73,0,0,0,0,0,0
1,7,1,0,0,-73,0,0,-57,0,0,0,0,0,0,0,0,0,0,0,0,-69,-69,0,-57,0,0,-57,0,0,0,0,0,-69,0,0,0,0,-57,-56,0,0,0,0,0,0,0,0,0,0,0,0,-70,0,-68,0,0,0,0,0,0,0,0,0,0,0,0,0,-57,0,0,0,0,0,0,0,0,0,0,0,0,0,0,0,0,0,0,-69,0,0,0,0,0,0,0,0
1,7,2,0,0,-73,0,0,-49,0,0,0,0,0,-73,0,0,0,0,0,0,-73,-73,0,-49,0,0,-50,0,0,0,0,0,-71,0,0,0,0,-49,-49,0,0,0,0,0,0,0,0,0,0,0,0,-72,0,-73,0,0,0,0,0,0,0,0,0,0,0,0,0,-49,0,0,0,0,0,0,0,0,0,0,0,0,0,0,0,0,0,0,-73,0,0,0,0,0,0,0,0
1,7,3,0,0,0,0,0,-69,0,0,0,0,0,-73,0,0,0,0,0,0,-68,-69,0,-70,0,0,-70,0,0,0,0,0,-69,0,0,0,0,-70,-70,0,0,0,0,0,0,0,0,0,0,0,0,-69,0,-69,0,0,0,0,0,0,0,0,0,0,0,0,0,-69,0,0,0,0,0,0,0,0,0,0,0,0,0,0,0,0,0,0,-69,0,0,0,0,0,0,0,0
1,8,0,0,0,0,0,0,-49,0,0,0,0,0,0,0,0,0,0,0,0,-69,-70,0,-49,0,0,-49,0,0,0,0,0,-70,0,0,0,0,-49,-49,0,0,0,0,0,0,0,0,0,0,0,0,-70,0,-70,0,0,0,0,0,0,0,0,0,0,0,0,0,-48,0,0,0,0,0,0,0,0,0,0,0,0,0,0,0,0,0,0,-70,0,0,0,0,0,0,0,0
1,8,1,0,0,0,0,0,-40,0,0,0,0,0,0,0,0,0,0,0,0,-67,-67,0,-40,0,0,-41,0,0,0,0,0,-67,0,0,0,0,-41,-41,0,0,0,0,0,0,0,0,0,0,0,0,-68,0,-66,0,0,0,0,0,0,0,0,0,0,0,0,0,-41,0,0,0,0,0,0,0,0,0,0,0,0,0,0,0,0,0,0,-68,0,0,0,0,0,0,0,0
1,8,2,0,0,0,0,0,-41,0,0,0,0,0,0,0,0,0,0,0,0,-73,-73,0,-41,0,0,-41,0,0,0,0,0,-74,0,0,0,0,-41,-41,0,0,0,0,0,0,0,0,0,0,0,0,-72,0,-73,0,0,0,0,0,0,0,0,0,0,0,0,0,-41,0,0,0,0,0,0,0,0,0,0,0,0,0,0,0,0,0,0,-73,0,0,0,0,0,0,0,0
1,8,3,0,0,-74,0,0,-42,0,0,0,0,-74,-74,0,0,0,0,0,0,-71,-71,0,-42,0,0,-43,0,0,0,0,0,-71,0,0,0,0,-42,-43,0,0,0,0,0,0,0,0,0,0,-74,0,-70,0,-70,0,0,0,0,-74,0,0,0,0,0,-74,0,0,-43,0,0,0,0,0,0,0,0,0,0,0,0,0,0,0,0,0,0,-70,0,-74,0,0,0,0,0,0
1,9,0,0,0,0,0,0,-53,0,0,0,0,-74,0,0,0,0,0,0,0,-73,-73,0,-53,0,0,-53,0,0,0,0,0,-74,0,0,0,0,-53,-53,0,0,0,0,0,0,0,0,0,0,-74,0,-73,0,-73,0,0,0,0,0,0,0,0,0,0,-74,0,0,-52,0,0,0,0,0,0,0,0,0,0,0,0,0,0,0,0,0,0,-73,0,0,0,0,0,0,0,0
1,9,1,0,0,0,0,0,-51,0,0,0,0,-74,0,0,0,0,0,0,0,-70,-69,0,-51,0,0,-51,0,0,0,0,0,-70,0,0,0,0,-51,-51,0,0,0,0,0,0,0,0,0,0,-74,0,-70,0,-69,0,0,0,0,-72,0,0,0,0,0,-74,0,0,-51,0,0,0,0,0,0,0,0,0,0,0,0,0,0,0,0,0,0,-69,0,0,0,0,0,0,0,0
1,9,2,0,0,0,0,0,-56,0,0,0,0,0,0,0,0,0,0,0,0,-69,-69,0,-56,0,0,-57,0,0,0,0,0,-70,0,0,0,0,-56,-57,0,0,0,0,0,0,0,0,0,0,-74,0,-69,0,-69,0,0,0,0,0,0,0,0,0,0,0,0,0,-57,0,0,0,0,0,0,0,0,0,0,0,0,0,0,0,0,0,0,-69,0,0,0,0,0,0,0,0
1,9,3,0,0,0,0,0,-55,0,0,0,0,0,0,0,0,0,0,0,0,-69,-71,0,-55,0,0,-55,0,0,0,0,0,-71,0,0,0,0,-55,-60,0,0,0,0,0,0,0,0,0,0,0,0,-71,0,-71,0,0,0,0,-64,0,0,0,0,0,0,0,0,-58,0,0,0,0,0,0,0,0,0,0,0,0,0,0,0,0,0,0,-72,0,0,0,0,0,0,0,0
1,10,3,0,0,0,0,0,-70,0,0,0,0,0,0,0,0,0,0,0,-73,-73,-74,0,-70,0,0,-70,0,-74,0,0,0,0,0,0,0,0,-70,-67,0,0,0,0,0,0,0,0,0,0,0,0,-74,0,-73,0,0,0,0,-56,-73,0,0,0,0,0,0,0,-70,0,0,0,0,0,0,0,0,0,0,0,0,0,0,0,0,0,0,-74,0,0,0,0,0,0,0,0
1,10,0,0,0,-73,0,0,-66,0,0,0,0,-73,-73,0,0,0,0,0,0,-73,-72,0,-66,0,0,-66,0,0,0,0,0,-73,0,0,0,0,-66,-66,0,0,0,0,0,0,0,0,0,0,-74,0,-73,0,-73,0,0,0,0,-69,0,0,0,0,0,-73,0,0,-66,0,0,0,0,0,0,0,0,0,0,0,0,0,0,0,0,0,0,-73,0,-72,0,0,0,0,0,0
1,10,1,0,0,-73,0,0,-57,0,0,0,0,-73,-73,0,0,0,0,0,0,-72,-71,0,-56,0,0,-57,0,0,0,0,0,-71,0,0,0,0,-57,-56,0,0,0,0,0,0,0,0,0,0,-74,0,-71,0,-71,0,0,0,0,-65,0,0,0,0,0,-73,0,0,-56,0,0,0,0,0,0,0,0,0,0,0,0,0,0,0,0,0,0,-71,0,-72,0,0,0,0,0,0
1,10,2,0,0,-73,0,-71,-59,0,0,0,0,-73,-73,0,0,-72,0,0,0,-72,-71,0,-59,0,-70,-58,0,-71,0,0,0,0,0,0,0,0,-58,-58,0,0,0,0,0,0,0,0,0,0,-74,0,0,0,0,0,0,0,-71,-65,0,0,0,0,0,-73,0,0,-59,0,0,0,0,-71,0,0,0,0,0,0,0,0,0,0,0,0,0,-71,0,-72,0,0,0,0,0,0
2,10,0,0,0,0,0,0,-62,0,0,0,0,0,0,0,0,0,0,0,-72,-73,-73,0,-61,0,0,-61,0,0,0,0,0,-71,0,0,0,0,-61,-61,0,0,0,0,0,0,0,0,0,0,0,0,-72,0,-73,0,0,-69,0,-69,-73,0,0,0,0,0,0,0,-60,0,0,0,0,0,0,0,0,0,0,0,-73,-73,-73,0,0,0,0,-72,0,0,0,0,0,0,0,0
2,10,1,0,0,0,0,0,-57,0,0,0,0,0,0,0,0,0,0,0,0,-68,-68,0,-57,0,0,-57,0,0,0,0,0,-70,0,0,0,0,-57,-57,0,0,0,0,0,0,0,0,0,0,0,0,-68,0,-70,0,0,0,0,-58,0,0,0,0,0,0,0,0,-56,0,0,0,0,0,0,0,0,0,0,0,0,0,0,0,0,0,0,-70,0,0,0,0,0,0,0,0
2,10,2,0,0,0,0,-71,-63,0,0,0,0,0,0,0,0,-70,0,0,0,-72,-72,0,-63,0,-71,-63,0,-71,0,0,0,-72,0,0,0,0,-62,-63,0,0,0,0,0,0,0,0,0,0,0,0,-72,0,-72,0,0,0,-71,-59,0,0,0,0,0,0,0,0,-63,0,0,0,0,0,0,0,0,0,0,0,0,0,0,0,0,0,0,-71,0,0,0,0,0,0,0,0
2,10,3,0,0,0,0,0,-57,0,0,0,0,0,0,0,0,0,0,0,0,0,0,0,-57,0,-71,-57,0,0,0,0,0,-74,0,0,0,0,-57,-57,0,0,0,0,0,0,0,0,0,0,0,0,0,0,0,0,0,0,0,-70,0,0,0,0,0,0,0,0,-57,0,0,0,0,0,0,0,0,0,0,0,0,0,0,0,0,0,0,-74,0,0,0,0,0,0,0,0
3,10,0,0,0,0,0,-72,-60,0,0,0,0,0,0,0,0,-72,0,0,-71,-65,-66,0,-59,0,-71,-59,0,-72,0,0,0,-66,0,0,0,0,-59,-59,0,0,0,0,0,0,0,0,0,0,0,0,-65,0,-66,0,0,-65,-72,-51,-72,0,0,-68,0,0,0,0,-59,0,0,0,0,-72,0,0,0,0,0,0,-70,-65,-65,-74,0,0,0,-65,0,0,0,0,0,0,0,0
3,10,1,0,0,0,0,-74,-59,0,0,0,0,0,0,0,0,-74,0,0,0,-69,-69,0,-59,0,-73,-59,0,-74,0,0,0,-69,0,0,0,0,-59,-59,0,0,0,0,0,0,0,0,0,0,0,0,-69,0,-69,0,0,0,-73,-56,0,0,0,0,0,0,0,0,-60,0,0,0,0,-74,0,0,0,0,0,0,0,0,0,0,0,0,0,-70,0,0,0,0,0,0,0,0
3,10,2,0,0,0,0,-71,-61,0,0,0,0,0,0,0,0,-74,0,0,-74,-73,-73,0,-61,0,-71,-61,0,-74,0,0,0,-73,0,0,0,0,-61,-61,0,0,0,0,0,0,0,0,0,0,0,0,-72,0,-73,0,0,-74,-71,-57,-74,0,0,0,0,0,0,0,-61,0,0,0,0,-74,0,0,0,0,0,0,-74,-73,-73,-73,0,0,0,-73,0,0,0,0,0,0,0,0
3,10,3,0,0,0,0,-74,-61,0,0,0,0,0,0,0,0,-74,0,0,0,-64,-65,0,-62,0,-74,-62,0,-74,0,0,0,-65,0,0,0,0,-61,-62,0,0,0,0,0,0,0,0,0,0,0,0,-65,0,-65,0,0,-74,-71,-53,0,0,0,0,0,0,0,0,-62,0,0,0,0,-74,0,0,0,0,0,0,-74,0,0,-73,0,0,0,-65,0,0,0,0,0,0,0,0
4,10,0,0,0,0,0,0,-60,0,0,0,0,0,0,0,0,0,0,0,0,-66,-66,0,-51,0,0,-51,0,-74,0,0,0,-66,0,0,0,0,-52,-50,0,0,0,0,0,0,0,0,0,0,0,0,-65,0,-66,0,0,-74,-74,-60,0,0,0,-71,0,0,0,0,-52,0,0,0,0,-74,0,0,0,0,0,0,0,0,0,0,0,0,0,-66,0,0,0,0,0,0,0,0
4,10,1,0,0,0,0,0,-55,0,0,0,0,0,0,0,0,0,0,0,-73,-65,-65,0,-55,0,0,-56,0,0,0,0,0,-65,0,0,0,0,-56,-55,0,0,0,0,0,0,0,0,0,0,0,0,-65,0,-65,0,0,-74,0,-59,-73,0,0,-71,0,0,0,0,-55,0,0,0,0,0,0,0,0,0,0,0,-73,-73,0,-73,0,0,0,-69,0,0,0,0,0,0,0,0
4,10,2,0,0,0,0,0,-50,0,0,0,0,0,0,0,0,0,0,0,0,-64,-63,0,-50,0,0,-51,0,0,0,0,0,-64,0,0,0,0,-51,-51,0,0,0,0,0,0,0,0,0,0,0,0,-64,0,-63,0,0,-74,0,-59,0,0,0,0,0,0,0,0,-51,0,0,0,0,0,0,0,0,0,0,0,0,0,0,-65,0,0,0,-64,0,0,0,0,0,0,-72,0
4,10,3,0,0,0,0,0,-56,0,0,0,0,0,0,0,0,0,0,0,-71,-61,-61,0,-55,0,0,-57,0,0,0,0,0,-62,0,0,0,0,-56,-57,0,0,0,0,0,0,0,0,0,0,0,0,-61,0,-61,0,0,-72,0,-66,-71,0,0,0,0,0,0,0,-57,0,0,0,0,0,0,0,0,0,0,0,-72,-71,-71,-72,0,0,0,-60,0,0,0,0,0,0,-74,0
5,10,3,0,0,0,0,-71,-55,0,0,0,0,0,0,0,0,-71,0,0,0,-55,-55,0,-55,0,-71,-55,0,-70,0,0,0,-55,0,0,0,0,-55,-55,0,0,0,0,0,0,0,0,0,0,0,0,-55,0,-55,0,0,0,-71,-65,0,0,0,-73,0,0,0,0,-57,0,0,0,0,-71,0,0,0,0,0,0,0,-73,-74,-72,0,0,0,-55,0,0,0,0,0,0,0,0
5,10,0,0,0,0,0,-64,-62,0,0,0,0,0,0,0,0,-64,0,0,-70,-61,-61,0,-61,0,-63,-59,0,-64,0,0,0,-61,0,0,0,0,-61,-59,0,0,0,0,0,0,0,0,0,0,0,0,-61,0,-61,0,0,0,-64,-71,-71,0,0,0,0,0,0,0,-62,0,0,0,0,-64,0,0,0,0,0,0,0,-71,-71,-68,0,0,0,-61,0,0,0,0,0,0,0,0
5,10,1,0,0,0,0,-69,-59,0,0,0,0,0,0,0,0,-69,0,0,0,-66,-66,0,-59,0,-69,-58,0,-69,0,0,0,-66,0,0,0,0,-59,-59,0,0,0,0,0,0,0,0,0,0,0,0,-66,0,-66,0,0,0,-68,-62,0,0,0,-73,0,0,0,0,-59,0,0,0,0,-69,0,0,0,0,0,0,0,-71,-71,0,0,0,0,-66,0,0,0,0,0,0,-73,0
5,10,2,0,0,0,0,-70,-61,0,0,0,0,0,0,0,0,-70,0,0,0,-60,-60,0,-61,0,-71,-61,0,-70,0,0,0,-60,0,0,0,0,-61,-61,0,0,0,0,0,0,0,0,0,0,0,0,-60,0,-61,0,0,0,-70,-69,0,0,0,-73,0,0,0,0,-60,0,0,0,0,-69,0,0,0,0,0,0,0,0,0,-71,0,0,0,-60,0,0,0,0,0,0,0,0
6,10,0,0,0,0,0,-55,-64,0,0,0,0,0,0,0,0,-56,0,0,-67,-58,-58,0,-64,0,-55,-64,0,-56,0,0,0,-58,0,0,0,0,-64,-64,0,0,0,0,0,0,0,0,0,0,0,0,-58,0,-58,0,0,-66,-56,-66,-68,0,0,-62,0,0,0,0,-63,0,0,0,0,-56,0,0,0,0,0,0,-67,-67,-67,-66,0,0,0,-57,0,0,0,0,0,0,0,0
6,10,1,0,0,-71,0,-71,-62,0,0,-73,-73,-71,-71,0,0,-71,-73,0,-67,-65,-64,0,-62,0,-71,-62,0,-71,0,0,0,-65,0,0,0,-73,-63,-63,0,0,0,0,0,0,0,-74,0,-74,0,0,-64,-73,-64,0,0,0,-71,-65,-68,-73,0,-71,0,-71,0,0,-62,-74,0,0,0,-71,0,0,0,-73,0,0,-67,-67,0,-59,0,0,0,-71,0,-71,-74,0,-73,0,-71,0
6,10,2,0,0,0,0,-62,-67,0,0,-73,0,-71,-71,0,0,-63,0,0,0,-62,-63,0,-67,0,-63,-66,0,-63,0,0,0,-62,0,0,0,-73,-66,-67,0,0,0,0,0,0,0,-74,0,0,0,0,-70,0,-63,0,0,0,-63,-71,0,0,0,-63,0,-71,0,0,-66,0,0,0,0,-62,0,0,0,0,0,0,-72,0,0,-64,0,0,0,-62,0,0,0,0,0,0,-73,0
6,10,3,0,0,0,0,-60,-73,0,0,0,0,-71,-71,0,0,-60,0,0,0,-61,-61,0,-73,0,-60,-66,0,-59,0,0,0,-61,0,0,0,0,-72,-72,0,0,0,0,0,0,0,0,0,0,-74,0,-61,0,-61,0,0,0,-60,-72,0,0,0,-72,0,-71,0,0,-73,0,0,0,0,-59,0,0,0,0,0,0,0,0,0,-61,0,0,0,-61,0,0,0,0,0,0,0,0
7,10,0,0,0,0,0,-64,-73,0,0,-74,-74,-64,-64,0,0,-65,-74,0,0,-61,-61,0,-71,0,-65,-71,0,-64,0,0,0,-61,0,0,0,0,-71,-67,0,0,0,0,0,0,0,-73,0,-74,-65,0,-61,-74,-61,0,0,-70,-64,-71,0,-74,0,-72,0,-64,0,0,-71,0,0,0,0,-59,0,0,0,-74,0,0,0,-70,0,-64,0,0,0,-61,0,0,-74,0,-74,0,-69,0
7,10,1,0,0,-64,0,-66,-67,0,0,-74,-72,-63,-63,0,0,-67,-74,0,-74,-62,-62,0,-67,0,-67,-67,0,-67,0,0,0,-62,0,0,0,-74,-67,-66,0,0,0,0,0,0,0,-72,0,-72,-62,0,-62,-74,-62,0,0,-70,-67,-68,-74,-73,0,-69,0,-63,0,0,-67,-74,0,0,-72,-68,0,0,0,-74,0,0,-74,-70,0,-65,0,0,0,-62,0,-63,-73,0,-73,0,-71,0
7,10,2,0,0,-74,0,-71,-69,0,0,-71,0,-63,-63,0,0,-69,-72,0,-74,-68,-69,0,-69,0,-71,-69,0,-68,0,0,0,-68,0,0,0,-72,-68,-67,0,0,0,0,0,0,0,0,0,0,-73,0,-68,-72,-68,0,0,-74,-67,0,0,0,0,-73,0,-63,0,0,-69,-72,0,0,0,-68,0,0,0,0,0,0,-74,-74,0,-59,0,0,0,-69,0,-63,0,0,-72,0,-72,0
7,10,3,0,0,-68,0,-72,-71,0,0,-71,0,-66,-63,0,0,-72,-72,0,0,-61,-61,0,-72,0,-72,-73,0,-71,0,0,0,-61,0,0,0,-72,-72,-67,0,0,0,0,0,0,0,0,0,0,-68,0,-60,-72,-60,0,0,-74,-72,-65,0,0,0,0,0,-63,0,0,-71,-72,0,0,0,-73,0,0,0,0,0,0,0,0,0,-61,0,0,0,-61,0,-63,0,0,-72,0,-73,0
8,10,0,0,0,-62,0,0,-71,0,0,-63,-64,-62,-63,0,0,-71,-65,0,-61,-69,-69,0,-71,0,-71,-71,0,0,0,0,0,-70,0,0,0,-65,-71,-72,0,0,0,0,0,0,0,-64,0,-65,-69,0,-69,-65,-69,0,0,-63,-70,0,-63,-64,0,-71,0,-68,0,0,-71,-65,0,0,-72,-70,0,0,0,-64,0,0,-63,-63,-63,-68,0,0,0,-69,0,-63,-64,0,-65,0,0,0
8,10,1,0,0,-62,0,-64,-65,0,0,-67,-71,0,0,0,0,-64,-67,0,0,-74,-73,0,-65,0,-65,-67,0,-66,0,0,0,-73,0,0,0,-67,-66,-66,0,0,0,0,0,0,0,-71,0,-71,-69,0,-73,-67,-74,0,0,-63,-62,0,0,-71,0,-67,0,-68,0,0,-65,-67,0,0,-69,-65,0,0,0,-71,0,0,-63,0,0,-63,0,0,0,-74,0,-72,-71,0,-70,0,0,0
8,10,2,0,0,-73,0,-70,-73,0,0,-63,-58,0,-74,0,0,-71,-64,0,0,0,0,0,-71,0,-70,-67,0,-66,0,0,0,0,0,0,0,-63,-72,-73,0,0,0,0,0,0,0,-58,0,-58,-69,0,0,-64,0,0,0,-63,-72,-65,0,-58,0,0,0,-68,0,0,-73,-62,0,0,-73,-70,0,0,0,-58,0,0,0,0,0,-61,0,0,0,0,0,-72,-58,0,-63,0,0,0
8,10,3,0,0,-73,0,-65,-73,0,0,-65,-63,-64,-65,0,0,-65,-66,0,-73,-74,-74,0,0,0,-65,-74,0,-65,0,0,0,0,0,0,0,-63,-74,0,0,0,0,0,0,0,0,-63,0,-63,-65,0,0,-65,-74,0,0,0,-65,-65,-73,-63,0,0,0,-65,0,0,-73,-66,0,0,-73,-66,0,0,0,-64,0,0,0,-73,-73,-63,0,0,0,-73,0,-72,-62,0,-65,0,0,0
9,10,0,0,0,-60,0,-65,-74,0,0,-73,-65,-61,-61,0,0,-65,0,0,-64,0,0,0,-73,0,-65,-74,0,-65,0,0,0,0,0,0,0,-74,-73,0,0,0,0,0,0,0,0,-64,0,-65,-60,0,-73,0,0,0,0,-64,0,0,-65,-64,0,0,0,-60,0,0,-74,-74,0,0,-72,-65,0,0,0,-64,0,0,-64,-60,-64,-60,0,0,0,0,0,-61,-65,0,-74,0,0,0
9,10,1,0,0,-60,0,-62,-74,0,0,-61,-58,-69,-69,0,0,-62,-62,0,-69,-72,-72,0,-73,0,-62,-74,0,-61,0,0,0,-73,0,0,0,-61,-74,0,0,0,0,0,0,0,0,-57,0,-58,-60,0,-73,0,-73,0,0,-67,-62,0,-69,-57,0,-74,0,-67,0,0,-74,-61,0,0,-69,-62,0,0,0,-57,0,0,-67,-69,-67,-60,0,0,0,-72,0,-61,-57,0,-74,0,0,0
9,10,2,0,0,-60,0,-71,-69,0,0,-67,-69,-71,-69,0,0,-71,-70,0,-73,-72,-72,0,-73,0,-71,-69,0,-70,0,0,0,-72,0,0,0,-68,-66,-66,0,0,0,0,0,0,0,-69,0,-67,-71,0,-73,-67,-72,0,0,-67,-62,0,-69,-69,0,0,0,-71,0,0,-69,-67,0,0,0,-69,0,0,0,-69,0,0,-67,-69,-69,-71,0,0,0,-73,0,-61,-69,0,-74,0,0,0
9,10,3,0,0,-62,0,-73,0,0,0,-64,-60,-61,-62,0,0,-74,-62,0,-65,0,-71,0,-69,0,-73,-69,0,-73,0,0,0,-72,0,0,0,-65,-74,-74,0,0,0,0,0,0,0,-60,0,-60,-61,0,-72,-64,0,0,0,-65,-73,0,-65,-59,0,-72,0,-62,0,0,0,-65,0,0,-74,-73,0,0,0,-61,0,0,-65,-64,-65,-59,0,0,0,-71,0,-62,-61,0,-65,0,0,0
10,10,0,0,0,-62,0,-73,-73,0,0,0,-70,-70,-69,0,0,-74,0,0,-63,0,-74,0,-69,0,-73,-69,0,-73,0,0,0,-74,0,0,0,0,-74,-74,0,0,0,0,0,0,0,-70,0,-69,-70,0,-74,0,0,0,0,-63,-73,0,-63,-70,0,0,0,-71,0,0,-73,-65,0,0,-68,-73,0,0,0,-69,0,0,-64,-63,-63,-59,0,0,0,0,0,-62,-69,0,0,0,0,0
10,10,1,0,0,0,0,-72,-71,0,0,-69,-70,-66,-67,0,0,-73,-69,0,-63,0,-74,0,-71,0,-73,-71,0,-72,0,0,0,-74,0,0,0,-71,-69,-71,0,0,0,0,0,0,0,-70,0,-69,-67,0,-74,-69,0,0,0,-63,-73,0,-73,-70,0,0,0,-67,0,0,-69,-71,0,0,-68,-73,0,0,0,-70,0,0,-74,0,-74,-54,0,0,0,0,0,-67,-70,0,-69,0,0,0
10,10,2,0,0,-70,0,-72,-69,0,0,0,-70,-66,-70,0,0,-68,0,0,-63,0,0,0,-71,0,-73,-71,0,-72,0,0,0,-74,0,0,0,0,-69,-69,0,0,0,0,0,0,0,-70,0,-70,-69,0,0,0,0,0,0,-65,-72,0,-64,-69,0,0,0,-67,0,0,-70,0,0,0,-71,-73,0,0,0,-70,0,0,-65,-64,-64,-61,0,0,0,0,0,-71,-70,0,0,0,0,0
10,10,3,0,0,-71,0,-72,0,0,0,-69,-68,-66,-71,0,0,0,-65,0,0,0,0,0,-71,0,0,-74,0,0,0,0,0,0,0,0,0,-65,-73,-73,0,0,0,0,0,0,0,-68,0,-67,-71,0,0,-66,0,0,0,-65,0,0,0,-68,0,0,0,-70,0,0,0,-66,0,0,0,-73,0,0,0,-68,0,0,-65,-64,-73,-64,0,0,0,0,0,-71,-68,0,-65,0,0,0
11,10,0,0,0,-63,0,0,0,0,0,-63,-64,-61,-72,0,0,-74,-63,0,-71,0,0,0,0,0,0,0,0,0,0,0,0,0,0,0,0,-63,0,0,0,0,0,0,0,0,0,-65,0,-64,-63,0,0,-63,0,0,0,-71,0,0,-72,-64,0,0,0,-67,0,0,0,-63,0,0,-72,0,0,0,0,-64,0,0,-71,-72,-71,-59,0,0,0,0,0,-71,-64,0,-62,0,0,0
11,10,1,0,0,-71,0,0,0,0,0,-64,-64,-71,-71,0,0,0,-64,0,-71,0,0,0,0,0,0,0,0,0,0,0,0,0,0,0,0,-64,0,0,0,0,0,0,0,0,0,-64,0,-64,-71,0,0,-63,0,0,0,-71,0,0,-71,-64,0,0,0,-71,0,0,0,-64,0,0,-72,0,0,0,0,-64,0,0,-72,-72,-72,-58,0,0,0,0,0,-71,-64,0,-63,0,0,0
11,10,2,0,0,-71,0,-72,-71,0,0,-71,-69,0,-71,0,0,0,-71,0,-71,0,0,0,0,0,-72,0,0,-73,0,0,0,0,0,0,0,-71,0,-72,0,0,0,0,0,0,0,-68,0,-70,-71,0,0,-71,0,0,0,-71,-72,0,-72,-69,0,0,0,0,0,0,0,-71,0,0,-73,0,0,0,0,-69,0,0,-72,-73,-73,-60,0,0,0,0,0,0,-70,0,-71,0,0,0
11,10,3,0,0,-65,0,0,-71,0,0,-69,-72,-66,-66,0,0,0,-69,0,-68,0,0,0,0,0,0,0,0,0,0,0,0,0,0,0,0,-69,0,0,0,0,0,0,0,0,0,-72,0,-71,-66,0,0,-68,0,0,0,-67,0,0,-68,-72,0,0,0,-66,0,0,0,-70,0,0,-70,0,0,0,0,-71,0,0,-68,-68,-68,-68,0,0,0,0,0,-66,-72,0,-67,0,0,0
12,10,0,0,0,-65,0,0,0,0,0,-69,0,-66,-66,0,0,0,-69,0,-63,0,0,0,0,0,0,0,0,0,0,0,0,0,0,0,0,-69,0,0,0,0,0,0,0,0,0,0,0,0,-66,0,0,-69,0,0,0,-63,0,0,-63,-72,0,0,0,-66,0,0,0,-68,0,0,-74,0,0,0,0,-71,0,0,-63,-66,-64,-73,0,0,0,0,0,-66,0,0,-69,0,0,0
12,10,1,0,0,-72,0,0,0,0,0,0,0,-66,-66,0,0,0,0,0,-70,0,0,0,0,0,0,0,0,0,0,0,0,0,0,0,0,0,0,0,0,0,0,0,0,0,0,0,0,0,-72,0,0,0,0,0,0,-72,0,0,-70,0,0,0,0,-66,0,0,0,0,0,0,0,0,0,0,0,0,0,0,-71,-71,-71,0,0,0,0,0,0,-73,0,0,0,0,0,0
12,10,2,0,0,-72,0,-72,0,0,0,-74,0,-70,-73,0,0,0,-74,0,-66,0,0,0,-74,0,0,0,0,-73,0,0,0,0,0,0,0,-74,0,0,0,0,0,0,0,0,0,0,0,0,-73,0,0,-74,0,0,0,-66,-72,0,-66,0,0,0,0,-73,0,0,0,-74,0,0,0,-72,0,0,0,-74,0,0,-66,-66,-65,-74,0,0,0,0,0,-73,0,0,-74,0,0,0
12,10,3,0,0,-71,0,0,0,0,0,-64,-71,-71,-71,0,0,0,-64,0,-64,0,0,0,0,0,0,0,0,0,0,0,0,0,0,0,0,-64,0,0,0,0,0,0,0,0,0,-70,0,-71,-71,0,0,-64,0,0,0,-64,0,0,-64,-70,0,0,0,-71,0,0,0,-64,0,0,-73,0,0,0,0,-70,0,0,-64,-64,-64,-67,0,0,0,0,0,-70,-71,0,-64,0,0,0
13,10,0,0,0,0,0,0,0,0,0,0,0,-71,-70,0,0,0,-74,0,-59,0,0,0,0,0,0,0,0,0,0,0,0,0,0,0,0,0,0,0,0,0,0,0,0,0,0,0,0,0,-71,0,0,0,0,0,0,-59,0,0,-59,0,0,0,0,-69,0,0,0,-74,0,0,0,0,0,0,0,0,0,0,-59,-59,-59,-71,0,0,0,0,0,-70,0,0,0,0,0,0
13,10,1,0,0,0,0,0,0,0,0,-71,0,-69,-72,0,0,0,-72,0,-65,0,0,0,0,0,0,0,0,0,0,0,0,0,0,0,0,-71,0,0,0,0,0,0,0,0,0,0,0,0,-71,0,0,-72,0,0,0,-65,0,-74,-64,0,0,0,0,-72,0,0,0,-72,0,0,0,0,0,0,0,0,0,0,-65,-64,-64,-67,0,0,0,0,0,-70,0,0,-71,0,0,0
13,10,2,0,0,-73,0,0,0,0,0,0,0,-69,-73,0,0,0,0,0,-65,0,0,0,0,0,0,0,0,0,0,0,0,0,0,0,0,0,0,0,0,0,0,0,0,0,0,0,0,0,-73,0,0,0,0,0,0,-66,0,0,-66,0,0,0,0,-72,0,0,0,0,0,0,0,0,0,0,0,0,0,0,-66,-66,-66,-70,0,0,0,0,0,-70,0,0,0,0,0,0
13,10,3,0,0,-73,0,0,0,0,0,0,0,-69,-73,0,0,0,0,0,-63,0,0,0,0,0,0,0,0,0,0,0,0,0,0,0,0,0,0,0,0,0,0,0,0,0,0,0,0,0,-71,0,0,0,0,0,0,-62,0,0,-62,0,0,0,0,-72,0,0,0,0,0,0,0,0,0,0,0,0,0,0,-62,-62,-63,-66,0,0,0,0,0,-70,0,0,0,0,0,0
14,10,0,0,0,0,0,0,0,0,0,-69,0,0,0,0,0,0,-69,0,-56,0,0,0,0,0,0,0,0,0,0,0,0,0,0,0,0,-69,0,0,0,0,0,0,0,0,0,0,0,0,-71,0,0,-69,0,0,0,-55,0,0,-55,0,0,0,0,0,0,0,0,-69,0,0,-71,0,0,0,0,0,0,0,-56,-56,-55,-74,0,0,0,0,0,-70,0,0,-69,0,0,0
14,10,1,0,0,0,0,0,0,0,0,-74,0,0,0,0,0,0,-74,0,-72,0,0,0,0,0,0,0,0,0,0,0,0,0,0,0,0,-74,0,0,0,0,0,0,0,0,0,0,0,0,0,0,0,-74,0,0,0,-70,0,0,-69,0,0,0,0,0,0,0,0,0,0,0,-64,0,0,0,0,0,-74,0,-69,-70,-69,0,0,0,0,0,0,-70,0,0,-74,0,0,0
14,10,2,0,0,0,0,0,0,0,0,-70,0,0,0,0,0,0,-70,0,-58,0,0,0,0,0,0,0,0,0,0,0,0,0,0,0,0,-70,0,0,0,0,0,0,0,0,0,0,0,0,0,0,0,-70,0,0,0,-58,0,0,-59,0,0,0,0,0,0,0,0,-71,0,0,0,0,0,0,0,0,-74,0,-58,-58,-59,0,0,0,0,0,0,-70,0,0,-70,0,0,0
14,10,3,0,0,0,0,0,0,0,0,-69,0,0,0,0,0,0,-68,0,-59,0,0,0,0,0,0,0,0,0,0,0,0,0,0,0,0,-69,0,0,0,0,0,0,0,0,0,0,0,0,0,0,0,-68,0,0,0,-59,0,0,-60,0,0,0,0,0,0,0,0,-67,0,0,-61,0,0,0,0,0,-74,0,-59,-60,-61,0,0,0,0,0,0,-70,0,0,-69,0,0,0
15,10,0,0,0,0,0,0,0,0,0,-68,0,0,0,0,0,0,-68,0,-49,0,0,0,0,0,0,0,0,0,0,0,0,0,0,0,0,-67,0,0,0,0,0,0,0,0,0,0,0,0,0,0,0,0,0,0,0,-50,0,0,-50,0,0,0,0,0,0,0,0,-68,0,0,-63,0,0,0,0,0,0,0,-49,-50,-50,0,0,0,0,0,0,0,0,0,0,0,0,0
15,10,1,0,0,0,0,0,0,0,0,-71,0,0,0,0,0,0,-70,0,-62,0,0,0,0,0,0,0,0,0,0,0,0,0,0,0,0,-70,0,0,0,0,0,0,0,0,0,0,0,0,0,0,0,-70,0,0,0,-61,0,0,-61,0,0,0,0,0,0,0,0,-70,0,0,-65,0,0,0,0,0,-70,0,-61,-61,-61,0,0,0,0,0,0,0,0,0,-70,0,0,0
15,10,2,0,0,0,0,0,0,0,0,-74,0,0,0,0,0,0,-70,0,-56,0,0,0,0,0,0,0,0,0,0,0,0,0,0,0,0,-70,0,0,0,0,0,0,0,0,0,0,0,0,0,0,0,-73,0,0,0,-57,0,0,-57,0,0,0,0,0,0,0,0,-70,0,0,-71,0,0,0,0,0,0,0,-57,-57,-56,0,0,0,0,0,0,0,0,0,-74,0,0,0
15,10,3,0,0,0,0,0,0,0,0,-65,0,0,0,0,0,0,-64,0,-54,0,0,0,0,0,0,0,0,0,0,0,0,0,0,0,0,-64,0,0,0,0,0,0,0,0,0,0,0,0,0,0,0,-64,0,0,0,-55,0,0,-54,0,0,0,0,0,0,0,0,-64,0,0,-61,0,0,0,0,0,-72,0,-55,-54,-55,0,0,0,0,0,0,0,0,0,-64,0,0,0
15,10,0,0,0,0,0,0,0,0,0,-74,0,0,0,0,0,0,-74,0,-47,0,0,0,0,0,0,0,0,0,0,0,0,0,0,0,0,-74,0,0,0,0,0,0,0,0,0,0,0,0,0,0,0,-74,0,0,0,-48,0,0,-49,0,0,0,0,0,0,0,0,-74,0,0,-62,0,0,0,0,0,-73,0,-48,-49,-49,-74,0,0,0,0,0,0,0,0,-74,0,0,0
15,10,1,0,0,0,0,0,0,0,0,-72,0,0,0,0,0,0,-72,0,-53,0,0,0,0,0,0,0,0,0,0,0,0,0,0,0,0,-71,0,0,0,0,0,0,0,0,0,0,0,0,0,0,0,-73,0,0,0,-53,0,0,-54,0,0,0,0,0,0,0,0,-72,0,0,-72,0,0,0,0,0,-71,0,-53,-53,-53,-74,0,0,0,0,0,0,0,0,-72,0,0,0
15,10,2,0,0,0,0,0,0,0,0,0,0,0,0,0,0,0,0,0,-59,0,0,0,0,0,0,0,0,0,0,0,0,0,0,0,0,0,0,0,0,0,0,0,0,0,0,0,0,0,0,0,0,0,0,0,0,-58,0,0,-59,0,0,0,0,0,0,0,0,0,0,0,-67,0,0,0,0,0,0,0,-58,-58,-58,0,0,0,0,0,0,0,0,0,0,0,0,0
15,10,3,0,0,0,0,0,0,0,0,-65,0,0,0,0,0,0,-65,0,-50,0,0,0,0,0,0,0,0,0,0,0,0,0,0,0,0,-65,0,0,0,0,0,0,0,0,0,0,0,0,0,0,0,-65,0,0,0,-51,0,0,-51,0,0,0,0,0,0,0,0,-65,0,0,-62,0,0,0,0,0,-72,0,-51,-51,-50,0,0,0,0,0,0,0,0,0,-65,0,0,0
16,10,0,0,0,0,0,0,0,0,0,-74,0,0,0,0,0,0,0,0,-44,0,0,0,0,0,0,0,0,0,0,0,0,0,0,0,0,-74,0,0,0,0,0,0,0,0,0,0,0,0,0,0,0,0,0,0,0,-42,0,0,-42,0,0,0,0,0,0,0,0,-74,0,0,-74,0,0,0,0,0,-68,0,-42,-42,-42,0,0,0,0,0,0,0,0,0,-74,0,0,0
16,10,1,0,0,0,0,0,0,0,0,-71,0,0,0,0,0,0,-71,0,-53,0,0,0,0,0,0,0,0,0,0,0,0,0,0,0,0,-71,0,0,0,0,0,0,0,0,0,0,0,0,0,0,0,-68,0,0,0,-53,0,0,-54,0,0,0,0,0,0,0,0,-71,0,0,-65,0,0,0,0,0,-69,0,-53,-54,-53,0,0,0,0,0,0,0,0,0,-70,0,0,0
16,10,2,0,0,0,0,0,0,0,0,-73,0,0,0,0,0,0,-73,0,-47,0,0,0,0,0,0,0,0,0,0,0,0,0,0,0,0,-72,0,0,0,0,0,0,0,0,0,0,0,0,0,0,0,-73,0,0,0,-46,0,0,-47,0,0,0,0,0,0,0,0,-73,0,0,0,0,0,0,0,0,-69,0,-47,-47,-46,0,0,0,0,0,0,0,0,0,-73,0,0,0
16,10,3,0,0,0,0,0,0,0,0,-73,0,0,0,0,0,0,-67,0,-51,0,0,0,0,0,0,0,0,0,0,0,0,0,0,0,0,-67,0,0,0,0,0,0,0,0,0,0,0,0,0,0,0,-67,0,0,0,-51,0,0,-51,0,0,0,0,0,0,0,0,-67,0,0,0,0,0,0,0,0,-67,0,-51,-51,-51,0,0,0,0,0,0,0,0,0,-66,0,0,0
17,10,0,0,0,0,0,0,0,0,0,-71,0,0,0,0,0,0,-71,0,-36,0,0,0,0,0,0,0,0,0,0,0,0,0,0,0,0,-71,0,0,0,0,0,0,0,0,0,0,0,0,0,0,0,-72,0,0,0,-37,0,0,-36,0,0,0,0,0,0,0,0,-70,0,0,-73,0,0,0,0,0,-67,0,-36,-36,-35,0,0,0,0,0,0,0,0,0,-71,0,0,0
17,10,1,0,0,0,0,0,0,0,0,-71,0,0,0,0,0,0,-71,0,-45,0,0,0,0,0,0,0,0,0,0,0,0,0,0,0,0,-71,0,0,0,0,0,0,0,0,0,0,0,0,0,0,0,-70,0,0,0,-45,0,0,-45,0,0,0,0,0,0,0,0,-70,0,0,-59,0,0,0,0,0,-63,0,-45,-45,-45,0,0,0,0,0,0,0,0,0,-70,0,0,0
17,10,2,0,0,0,0,0,0,0,0,-71,0,0,0,0,0,0,-71,0,-40,0,0,0,0,0,0,0,0,0,0,0,0,0,0,0,0,-70,0,0,0,0,0,0,0,0,0,0,0,0,0,0,0,-70,0,0,0,-42,0,0,-41,0,0,0,0,0,0,0,0,-70,0,0,-58,0,0,0,0,0,-73,0,-41,-41,-41,0,0,0,0,0,0,0,0,0,-70,0,0,0
17,10,3,0,0,0,0,0,0,0,0,-70,0,0,0,0,0,0,-68,0,-41,0,0,0,0,0,0,0,0,0,0,0,0,0,0,0,0,-68,0,0,0,0,0,0,0,0,0,0,0,0,0,0,0,-68,0,0,0,-41,0,0,-41,0,0,0,0,0,0,0,0,-68,0,0,-65,0,0,0,0,0,-72,0,-41,-41,-41,0,0,0,0,0,0,0,0,0,-66,0,0,0
18,10,0,0,0,0,0,0,0,0,0,0,0,0,0,0,0,0,0,0,-40,0,0,0,0,0,0,0,0,0,0,0,0,0,0,0,0,0,0,0,0,0,0,0,0,0,0,0,0,0,0,0,0,-68,0,0,0,-39,0,0,-38,0,0,0,0,0,0,0,0,-68,0,0,-73,0,0,0,0,0,0,0,-40,-38,-38,0,0,0,0,0,0,0,0,0,-66,0,0,0
18,10,1,0,0,0,0,0,0,0,0,0,0,0,0,0,0,0,0,0,-40,0,0,0,0,0,0,0,0,0,0,0,0,0,0,0,0,0,0,0,0,0,0,0,0,0,0,0,0,0,0,0,0,0,0,0,0,-39,0,0,-39,0,0,0,0,0,0,0,0,0,0,0,-64,0,0,0,0,0,-73,0,-40,-39,-39,0,0,0,0,0,0,0,0,0,0,0,0,0
18,10,2,0,0,0,0,0,0,0,0,-74,0,0,0,0,0,0,0,0,-33,0,0,0,0,0,0,0,0,0,0,0,0,0,0,0,0,0,0,0,0,0,0,0,0,0,0,0,0,0,0,0,0,0,0,0,0,-33,0,0,-33,0,0,0,0,0,0,0,0,0,0,0,-73,0,0,0,0,0,-73,0,-32,-33,-33,0,0,0,0,0,0,0,0,0,0,0,0,0
18,10,3,0,0,0,0,0,0,0,0,0,0,0,0,0,0,0,0,0,-41,0,0,0,0,0,0,0,0,0,0,0,0,0,0,0,0,0,0,0,0,0,0,0,0,0,0,0,0,0,0,0,0,0,0,0,0,-42,0,0,-41,0,0,0,0,0,0,0,0,0,0,0,-61,0,0,0,0,0,0,0,-41,-42,-42,0,0,0,0,0,0,0,0,0,0,0,0,0
